36 50 -7.3834e-05
29 30 -3.3758e-05
19 29 -1.7945e-05
15 41 -0.25317
18 50 -0.24408
11 28 -0.231
17 35 -0.23019
14 52 -0.22737
29 42 -0.22595
31 52 -0.21895
12 38 -0.21802
2 31 -0.21709
18 31 -0.21689
31 48 -0.21158
11 45 -0.21051
27 43 -0.20911
25 37 -0.20837
31 42 -0.20672
10 41 -0.2061
28 30 -0.20532
28 41 -0.20471
28 37 -0.20355
14 48 -0.20353
2 14 -0.19815
24 38 -0.19708
14 27 -0.19644
2 43 -0.19545
8 32 -0.19528
11 31 -0.19231
6 35 -0.19147
15 40 -0.19142
11 29 -0.1903
19 35 -0.18957
4 28 -0.18926
20 33 -0.18924
9 51 -0.18897
43 48 -0.18879
3 18 -0.1884
28 38 -0.18797
8 42 -0.18687
15 38 -0.18612
4 35 -0.18549
38 45 -0.18453
14 40 -0.18356
27 31 -0.18272
2 28 -0.18271
30 51 -0.18116
16 41 -0.18103
16 52 -0.17966
13 30 -0.17919
11 50 -0.17783
6 40 -0.1777
12 52 -0.17699
15 18 -0.17699
19 43 -0.17641
17 49 -0.1759
1 33 -0.1748
40 43 -0.17466
16 48 -0.17413
15 52 -0.17354
14 35 -0.17266
4 26 -0.17222
8 48 -0.17066
21 43 -0.16994
11 22 -0.16993
11 26 -0.16869
18 36 -0.16721
1 45 -0.16713
32 49 -0.16666
11 17 -0.16629
3 41 -0.16627
1 28 -0.16624
10 27 -0.16573
27 39 -0.16532
8 40 -0.16518
25 33 -0.16515
26 37 -0.16496
43 52 -0.16474
16 38 -0.16447
15 48 -0.16438
10 48 -0.16427
6 32 -0.1641
6 52 -0.16406
14 30 -0.16396
23 42 -0.16368
17 28 -0.16357
9 35 -0.16281
37 43 -0.16171
30 49 -0.16161
33 48 -0.1614
21 36 -0.16134
30 45 -0.16008
1 26 -0.15976
28 40 -0.15961
3 33 -0.15918
3 40 -0.15907
23 40 -0.15878
36 52 -0.15798
1 37 -0.1575
35 41 -0.15733
33 41 -0.15712
11 37 -0.15608
33 40 -0.15595
11 24 -0.1553
30 44 -0.1551
20 41 -0.15503
15 19 -0.15487
21 41 -0.15479
38 49 -0.15468
2 16 -0.15434
11 47 -0.1543
15 45 -0.15425
27 33 -0.15353
16 34 -0.15276
5 35 -0.15231
18 46 -0.15211
3 17 -0.15141
13 48 -0.15135
23 38 -0.15102
19 47 -0.15101
22 34 -0.14916
10 17 -0.14901
24 42 -0.14855
4 33 -0.14852
16 37 -0.14846
17 45 -0.1484
2 15 -0.14815
6 47 -0.14796
2 22 -0.14789
6 37 -0.14761
23 37 -0.14748
11 49 -0.14745
9 26 -0.14719
5 19 -0.14618
30 50 -0.14584
30 39 -0.14572
2 33 -0.14557
11 46 -0.14503
39 52 -0.14483
31 40 -0.14482
23 52 -0.14476
16 53 -0.14433
19 32 -0.14419
26 41 -0.14381
16 40 -0.14281
8 52 -0.14231
9 43 -0.14149
19 46 -0.14119
38 43 -0.14102
34 45 -0.14101
10 19 -0.14088
8 37 -0.14058
19 33 -0.14057
2 23 -0.1397
7 30 -0.13968
19 34 -0.13962
12 48 -0.13937
11 41 -0.13931
3 48 -0.13916
12 18 -0.13889
19 31 -0.13806
15 37 -0.13783
9 28 -0.13761
5 38 -0.13757
4 21 -0.13733
12 27 -0.13732
41 45 -0.1364
22 44 -0.13589
2 8 -0.13588
21 47 -0.13569
2 10 -0.13563
6 27 -0.13523
15 30 -0.13487
5 11 -0.13468
18 23 -0.13421
29 52 -0.13382
15 27 -0.13381
11 16 -0.13365
10 34 -0.13362
9 16 -0.13337
28 34 -0.13323
3 27 -0.13295
16 27 -0.13281
22 52 -0.13281
2 39 -0.13248
13 19 -0.13231
5 30 -0.13229
22 42 -0.13213
28 53 -0.13169
8 21 -0.13152
28 44 -0.13124
33 49 -0.13113
27 36 -0.1311
2 29 -0.1309
2 51 -0.1309
13 37 -0.12975
14 42 -0.12964
40 51 -0.1296
26 30 -0.1295
14 38 -0.12942
6 48 -0.12935
41 49 -0.1293
16 42 -0.12922
27 51 -0.12918
23 48 -0.12917
12 53 -0.12908
33 53 -0.12891
3 52 -0.12889
24 33 -0.12883
9 24 -0.12789
8 38 -0.12781
22 35 -0.1277
11 23 -0.12758
15 32 -0.12754
36 42 -0.12749
15 21 -0.12743
17 23 -0.12727
19 45 -0.12721
10 30 -0.12695
13 27 -0.12684
17 24 -0.12639
14 34 -0.12637
12 21 -0.1262
13 42 -0.12604
39 48 -0.12574
7 24 -0.12547
41 46 -0.12536
28 48 -0.12476
24 34 -0.12453
21 51 -0.12442
42 49 -0.12434
7 48 -0.12399
12 42 -0.12397
2 49 -0.12396
4 45 -0.12388
34 43 -0.12353
11 14 -0.12325
30 31 -0.12321
37 45 -0.12316
10 28 -0.12296
26 52 -0.12282
12 41 -0.12263
24 52 -0.1226
8 18 -0.12252
4 32 -0.12199
37 51 -0.12196
10 32 -0.1219
3 38 -0.12174
4 16 -0.12159
28 52 -0.12131
37 46 -0.12124
7 28 -0.12086
11 19 -0.12056
21 32 -0.12046
9 14 -0.12041
10 51 -0.12033
9 46 -0.1202
39 53 -0.12013
11 51 -0.11968
16 32 -0.11963
10 38 -0.11919
37 49 -0.11917
23 41 -0.11915
29 40 -0.11848
4 52 -0.11832
20 37 -0.11822
27 41 -0.1181
7 42 -0.1173
37 47 -0.11724
3 30 -0.11689
28 32 -0.11687
22 48 -0.11678
12 30 -0.11675
7 34 -0.11663
13 18 -0.11646
20 45 -0.11631
24 32 -0.11601
17 51 -0.11572
17 38 -0.1157
1 29 -0.11568
24 51 -0.11566
2 45 -0.11497
10 47 -0.11448
12 17 -0.11437
26 34 -0.11421
7 29 -0.11415
28 35 -0.11347
35 37 -0.11335
4 30 -0.11326
9 23 -0.11314
3 32 -0.11309
36 53 -0.11199
7 40 -0.11195
31 39 -0.11194
1 53 -0.11186
33 44 -0.11175
6 11 -0.11162
7 44 -0.11145
5 37 -0.11106
8 27 -0.11101
23 32 -0.11044
8 41 -0.11044
17 29 -0.11006
21 39 -0.11005
10 52 -0.10996
16 30 -0.10995
36 40 -0.10989
26 33 -0.10987
30 35 -0.10969
33 50 -0.10906
15 20 -0.1086
22 41 -0.10838
13 45 -0.10837
6 25 -0.10798
6 20 -0.10797
24 37 -0.10769
28 43 -0.1074
22 27 -0.10728
9 29 -0.10713
4 40 -0.10693
22 38 -0.10692
18 26 -0.10682
2 13 -0.10604
6 42 -0.10604
25 38 -0.10601
9 22 -0.10578
29 32 -0.10573
5 34 -0.10546
22 30 -0.10531
13 21 -0.10526
31 32 -0.10494
9 39 -0.1048
13 52 -0.10474
17 26 -0.10451
27 49 -0.1045
4 48 -0.10334
12 40 -0.10327
2 24 -0.10318
38 51 -0.10305
10 21 -0.10294
9 45 -0.10281
14 37 -0.10242
20 31 -0.1024
23 27 -0.10206
8 51 -0.10198
2 12 -0.10124
29 48 -0.1012
10 40 -0.101
31 35 -0.10083
29 37 -0.10068
15 24 -0.10059
20 46 -0.1003
32 46 -0.1001
9 21 -0.10008
14 39 -0.09992
4 9 -0.099918
13 28 -0.099596
15 53 -0.099501
12 24 -0.099322
29 35 -0.099309
22 33 -0.099185
8 17 -0.099117
40 50 -0.098854
1 23 -0.098737
11 38 -0.098565
12 47 -0.098457
30 47 -0.098003
4 27 -0.097941
7 18 -0.097823
7 19 -0.097798
7 49 -0.097383
26 48 -0.097304
27 50 -0.097285
29 38 -0.09727
24 47 -0.097243
1 20 -0.097185
26 40 -0.097137
21 49 -0.0969
26 38 -0.09673
8 11 -0.096361
4 12 -0.096281
14 41 -0.096222
1 13 -0.096112
24 40 -0.095318
8 35 -0.095285
9 31 -0.095242
28 36 -0.095007
5 41 -0.094647
6 44 -0.094596
6 18 -0.09451
2 26 -0.094405
35 50 -0.094266
3 21 -0.094118
1 25 -0.09411
40 46 -0.093944
33 52 -0.093392
13 41 -0.093316
17 36 -0.09329
19 39 -0.092822
4 43 -0.092582
27 45 -0.092487
22 37 -0.09201
28 49 -0.091841
6 51 -0.09141
15 28 -0.09126
3 31 -0.090796
4 24 -0.090195
7 53 -0.090165
23 33 -0.089996
14 19 -0.089887
24 48 -0.089585
26 42 -0.089425
15 35 -0.089339
20 47 -0.089311
24 44 -0.089197
9 49 -0.089158
5 9 -0.088968
5 32 -0.088628
4 34 -0.088263
21 44 -0.08805
13 40 -0.088026
18 41 -0.087849
34 39 -0.08764
14 28 -0.087591
20 26 -0.08734
14 32 -0.087053
25 42 -0.086939
5 29 -0.086096
31 43 -0.085964
21 31 -0.085919
5 31 -0.085911
10 26 -0.085902
17 44 -0.085768
29 41 -0.085552
6 33 -0.085515
25 41 -0.085318
20 28 -0.085216
9 19 -0.085043
35 38 -0.0848
14 49 -0.084468
6 53 -0.084139
16 35 -0.083942
10 42 -0.08392
20 43 -0.083805
10 31 -0.083667
10 49 -0.083425
2 36 -0.083244
21 29 -0.083132
11 53 -0.082832
41 48 -0.082812
38 50 -0.082755
13 53 -0.082303
2 50 -0.082079
19 36 -0.081723
35 45 -0.081643
10 45 -0.081597
9 50 -0.081592
21 42 -0.081579
44 51 -0.081435
14 21 -0.081165
18 43 -0.081074
1 21 -0.080994
4 47 -0.080024
7 27 -0.07946
25 34 -0.07917
11 30 -0.079159
16 39 -0.079153
9 33 -0.078867
1 41 -0.078802
3 44 -0.078704
9 15 -0.078411
13 39 -0.078297
12 20 -0.078188
5 49 -0.077641
27 29 -0.077329
21 38 -0.077194
25 52 -0.076998
11 32 -0.076975
33 45 -0.076967
8 20 -0.076732
17 53 -0.076602
25 36 -0.076562
7 47 -0.076524
9 25 -0.07632
6 16 -0.076012
21 33 -0.075806
16 19 -0.0754
26 39 -0.074945
18 22 -0.074465
29 36 -0.07442
13 26 -0.073284
31 44 -0.073277
23 34 -0.073213
6 17 -0.072983
12 50 -0.07289
7 39 -0.072736
41 42 -0.072599
26 36 -0.072552
7 52 -0.072512
25 45 -0.072265
1 15 -0.071958
13 25 -0.07192
17 33 -0.071896
2 41 -0.07173
30 46 -0.071725
19 50 -0.071669
17 50 -0.071474
24 35 -0.071232
23 44 -0.070911
3 42 -0.070745
26 35 -0.070714
25 32 -0.070283
4 19 -0.070198
28 42 -0.070167
21 34 -0.070046
32 45 -0.069812
12 37 -0.069691
26 32 -0.069196
34 49 -0.068917
6 43 -0.06888
17 19 -0.068324
44 53 -0.06808
8 43 -0.067861
39 45 -0.067654
20 44 -0.067645
1 38 -0.067524
1 17 -0.067364
1 44 -0.067188
11 44 -0.066203
1 14 -0.065927
13 43 -0.065882
31 37 -0.065716
4 44 -0.065621
5 44 -0.0655
37 53 -0.065359
35 44 -0.065292
4 53 -0.064986
10 37 -0.064732
4 51 -0.064594
7 41 -0.064395
4 20 -0.06423
9 13 -0.064095
22 32 -0.064078
8 45 -0.063367
36 49 -0.062894
21 50 -0.062871
8 50 -0.06282
5 26 -0.062793
28 33 -0.06279
10 20 -0.062784
33 47 -0.062336
7 35 -0.062289
20 29 -0.062215
17 37 -0.062098
8 36 -0.061909
5 17 -0.061797
23 43 -0.061326
19 49 -0.061219
14 22 -0.061143
25 43 -0.061106
2 46 -0.060982
13 38 -0.060726
1 36 -0.06055
38 46 -0.060393
25 48 -0.060229
48 51 -0.060194
22 28 -0.060079
3 9 -0.060075
1 18 -0.060054
17 31 -0.059797
12 34 -0.059656
4 13 -0.059442
17 22 -0.059421
22 40 -0.059392
5 28 -0.059276
15 49 -0.059136
40 49 -0.058885
27 28 -0.058874
8 47 -0.058664
12 45 -0.058486
28 47 -0.0584
10 44 -0.058258
34 51 -0.058118
33 39 -0.058084
26 43 -0.058052
3 35 -0.058022
13 17 -0.057984
16 22 -0.057737
38 44 -0.05752
40 45 -0.057485
11 21 -0.057417
2 25 -0.057361
11 36 -0.057192
5 24 -0.057049
12 44 -0.057022
35 49 -0.05697
18 32 -0.056967
7 11 -0.056874
14 47 -0.056492
15 47 -0.056145
36 48 -0.055947
1 34 -0.055763
7 17 -0.055183
1 8 -0.054902
25 40 -0.054887
18 21 -0.054833
3 53 -0.05481
21 46 -0.054408
36 45 -0.054322
12 49 -0.054269
3 34 -0.054003
7 13 -0.053856
6 12 -0.053522
7 46 -0.053341
21 45 -0.053339
24 27 -0.052608
17 20 -0.052539
28 51 -0.052366
22 46 -0.052317
24 36 -0.051912
4 50 -0.051519
4 11 -0.051065
27 47 -0.050954
18 49 -0.050952
5 51 -0.050186
16 20 -0.050026
16 44 -0.04994
14 25 -0.049889
6 41 -0.049835
9 47 -0.049695
34 46 -0.049599
20 39 -0.049503
29 39 -0.049275
7 51 -0.049039
35 47 -0.048565
5 43 -0.048285
20 49 -0.048273
24 43 -0.048112
25 39 -0.048023
41 47 -0.047745
23 35 -0.047108
18 37 -0.046944
3 16 -0.046929
39 44 -0.045989
35 40 -0.045879
13 20 -0.045703
3 11 -0.045497
2 47 -0.045395
7 22 -0.04536
17 39 -0.045273
1 35 -0.045226
5 21 -0.045075
46 52 -0.045046
34 53 -0.044988
5 33 -0.044844
13 23 -0.044556
3 37 -0.044449
24 41 -0.044298
27 46 -0.04403
44 49 -0.044016
32 39 -0.043995
1 32 -0.043545
35 42 -0.0434
16 36 -0.043162
31 38 -0.043021
40 47 -0.04298
38 47 -0.042969
45 52 -0.04283
37 42 -0.042358
25 47 -0.042108
6 50 -0.041908
27 37 -0.041781
33 43 -0.041654
32 43 -0.041329
4 17 -0.041226
15 25 -0.041151
4 31 -0.040895
26 51 -0.040684
3 28 -0.040376
12 25 -0.040288
33 51 -0.039948
23 53 -0.039553
46 51 -0.039549
6 46 -0.038966
4 25 -0.038867
9 12 -0.038529
18 39 -0.038111
6 36 -0.038061
16 47 -0.037944
6 45 -0.037903
35 46 -0.037829
46 48 -0.037812
18 44 -0.037411
8 30 -0.037232
34 36 -0.036843
13 47 -0.036473
33 37 -0.035961
7 21 -0.035839
4 49 -0.035744
33 46 -0.035591
18 47 -0.035191
3 29 -0.034362
19 44 -0.034294
12 28 -0.033692
15 39 -0.033568
13 50 -0.033527
16 25 -0.033463
11 25 -0.03344
7 45 -0.033026
38 42 -0.033014
30 36 -0.032947
13 34 -0.032442
45 48 -0.032428
15 44 -0.032415
13 32 -0.031521
20 24 -0.031277
6 34 -0.030718
24 50 -0.030667
35 53 -0.030664
13 44 -0.030417
20 36 -0.03041
14 51 -0.030316
6 15 -0.030134
1 46 -0.030093
1 24 -0.03009
16 21 -0.029996
29 34 -0.029843
43 49 -0.029443
32 51 -0.029321
7 25 -0.029194
10 18 -0.029064
5 39 -0.028886
10 43 -0.028714
5 25 -0.028518
1 43 -0.028092
13 49 -0.027725
31 36 -0.027585
6 21 -0.027268
18 33 -0.027081
35 51 -0.026661
18 25 -0.026297
29 44 -0.026229
3 43 -0.02594
14 20 -0.02573
10 39 -0.025721
7 26 -0.025596
1 48 -0.02552
25 50 -0.025329
10 25 -0.024873
20 50 -0.024836
29 43 -0.024563
24 39 -0.024255
28 50 -0.023979
10 22 -0.023801
5 18 -0.023761
34 47 -0.02376
15 50 -0.0237
17 46 -0.023488
26 44 -0.023301
18 34 -0.02307
42 46 -0.022895
19 51 -0.022793
42 47 -0.02271
20 34 -0.022505
1 52 -0.022071
19 53 -0.021552
42 53 -0.021517
41 50 -0.021309
14 17 -0.021186
21 35 -0.021158
10 53 -0.020708
13 22 -0.020695
7 50 -0.020368
21 30 -0.02019
13 35 -0.020145
4 41 -0.020091
5 36 -0.019796
16 43 -0.019665
17 42 -0.019465
4 14 -0.019278
2 35 -0.019202
5 47 -0.01914
31 41 -0.019025
29 47 -0.01824
24 46 -0.018131
36 41 -0.018012
19 41 -0.017888
5 40 -0.017446
12 36 -0.017419
21 40 -0.017182
41 44 -0.016949
26 27 -0.016608
14 46 -0.016523
19 22 -0.016422
10 24 -0.016312
25 35 -0.016174
5 46 -0.015966
8 19 -0.015871
16 33 -0.01552
32 42 -0.01527
7 31 -0.015218
31 47 -0.01515
31 50 -0.01494
32 50 -0.014614
6 24 -0.01459
3 20 -0.014541
25 44 -0.014348
38 53 -0.014019
35 52 -0.013944
44 45 -0.013875
3 13 -0.013867
3 15 -0.013818
14 18 -0.013733
3 39 -0.013663
5 53 -0.01346
16 51 -0.013319
18 30 -0.013169
50 52 -0.013111
11 20 -0.013094
15 23 -0.013024
1 47 -0.012649
41 52 -0.01244
20 51 -0.012141
3 19 -0.011986
15 34 -0.011877
36 44 -0.011396
42 50 -0.011221
17 52 -0.011093
32 35 -0.010883
13 29 -0.010719
23 36 -0.010713
28 39 -0.010649
10 29 -0.010487
8 34 -0.010442
32 44 -0.010112
24 49 -0.010086
9 42 -0.01004
8 28 -0.0099514
39 42 -0.0096706
26 47 -0.0096306
47 53 -0.0091336
23 47 -0.0091229
29 46 -0.0089139
10 50 -0.0086397
7 43 -0.008614
5 45 -0.0077026
8 53 -0.007683
5 48 -0.0070288
17 48 -0.0066907
8 24 -0.0066256
6 13 -0.0061438
15 42 -0.0059936
2 7 -0.0057923
20 30 -0.0057283
1 30 -0.0053636
7 20 -0.0052494
2 17 -0.0048513
3 45 -0.0047242
22 31 -0.0045178
12 29 -0.004409
41 53 -0.0042601
25 29 -0.0039096
24 30 -0.003788
5 14 -0.0037294
8 39 -0.0035677
4 29 -0.00312
45 51 -0.0030457
11 18 -0.0029441
12 39 -0.002596
19 40 -0.0022643
20 53 -0.0022506
39 47 -0.0022282
37 39 -0.0016745
27 38 -0.0013808
1 27 -0.00080031
8 22 -0.00053824
12 32 -0.00022374
3 47 -0.00015703
10 46 0.00020211
3 24 0.00069409
2 53 0.00078483
1 19 0.00078607
6 10 0.001136
4 46 0.0012978
16 46 0.0015428
1 9 0.0018888
22 43 0.0020289
29 53 0.0033159
18 35 0.0034361
31 53 0.0036146
14 24 0.003656
6 9 0.0037215
21 37 0.0039836
19 24 0.0045556
34 42 0.005048
17 21 0.0050981
19 52 0.0053654
8 49 0.0055025
2 37 0.0055679
6 38 0.0062297
24 53 0.0065572
15 46 0.0067098
12 19 0.00687
4 37 0.0070039
31 49 0.0079243
25 31 0.007958
18 53 0.0079736
21 53 0.0080742
9 53 0.0084524
3 49 0.0091295
5 27 0.0091982
14 53 0.0094547
9 44 0.0094914
22 53 0.0096449
20 32 0.0098528
37 44 0.01002
12 26 0.010218
32 33 0.010885
45 47 0.011134
5 42 0.011205
8 44 0.011483
12 51 0.011492
6 31 0.012457
25 28 0.0127
1 6 0.01274
34 50 0.013067
16 45 0.014049
23 30 0.014106
17 32 0.014411
45 53 0.014916
32 48 0.014963
5 15 0.014993
15 51 0.015562
15 22 0.015679
21 26 0.015688
27 35 0.015769
19 48 0.017711
19 25 0.017875
1 31 0.018439
5 52 0.018533
45 50 0.018655
2 6 0.018944
13 51 0.019014
22 36 0.019282
5 20 0.019596
11 40 0.019678
12 35 0.020232
39 46 0.020396
19 26 0.02045
49 52 0.020636
4 10 0.020752
28 46 0.020757
34 41 0.020767
47 52 0.021607
23 28 0.021646
11 43 0.021714
9 36 0.02187
39 50 0.021893
1 16 0.022443
23 39 0.022757
42 45 0.023117
3 36 0.023142
31 45 0.023238
9 40 0.023296
13 46 0.023399
32 53 0.023624
11 39 0.023826
23 31 0.02413
1 12 0.024328
36 47 0.024465
12 43 0.024638
1 40 0.024698
10 23 0.025022
37 48 0.025263
3 26 0.025688
34 35 0.02619
38 48 0.026261
12 23 0.026749
16 49 0.027119
6 30 0.027282
14 26 0.027986
36 46 0.028058
22 39 0.028072
26 50 0.028227
19 42 0.028254
8 26 0.028399
23 49 0.029047
41 51 0.029801
39 49 0.029905
6 26 0.030208
25 49 0.030319
1 11 0.03057
14 45 0.030893
43 45 0.031782
6 29 0.031968
31 34 0.032357
7 32 0.032811
4 23 0.033077
28 45 0.033079
2 19 0.033275
25 27 0.033436
8 13 0.034343
18 42 0.034448
22 51 0.034894
48 50 0.035533
33 34 0.035741
29 33 0.036551
12 46 0.036874
17 47 0.03805
19 30 0.038207
10 16 0.038225
21 25 0.038226
9 18 0.038661
5 16 0.038704
16 24 0.038823
6 14 0.039213
8 25 0.040025
20 38 0.040652
1 7 0.040884
20 35 0.041
5 50 0.041563
1 22 0.041717
4 15 0.042331
25 30 0.042391
22 24 0.042428
7 15 0.042541
17 27 0.042733
37 50 0.042843
15 29 0.043217
43 53 0.043592
22 29 0.043785
40 53 0.044105
51 53 0.044118
3 8 0.04418
8 23 0.044464
38 52 0.045164
11 13 0.045298
2 44 0.045989
33 42 0.04711
14 36 0.048241
2 38 0.048854
19 38 0.048874
18 38 0.049176
19 37 0.049309
21 52 0.049896
4 18 0.050083
8 46 0.050084
6 23 0.050303
24 29 0.050307
18 51 0.050467
17 40 0.050548
4 36 0.050718
9 10 0.050962
16 28 0.051172
22 45 0.051515
34 44 0.051517
23 45 0.05156
3 6 0.051714
16 26 0.052264
35 36 0.05258
23 29 0.053638
36 38 0.054891
17 25 0.054998
49 51 0.056115
14 43 0.056201
22 49 0.056319
3 7 0.057078
6 39 0.057336
22 50 0.057772
22 47 0.057939
19 23 0.058382
27 53 0.058697
2 32 0.058826
20 23 0.059205
3 14 0.05933
15 36 0.059496
11 52 0.059621
17 34 0.060391
13 36 0.060477
18 28 0.060512
32 47 0.060613
11 12 0.060877
31 51 0.061072
9 20 0.06113
30 52 0.061655
42 51 0.061859
5 10 0.063457
6 22 0.064077
48 49 0.0647
12 22 0.065297
32 52 0.06546
20 42 0.065678
40 44 0.066323
47 49 0.066775
44 50 0.06721
9 52 0.067536
7 23 0.06795
7 14 0.06823
33 38 0.06846
34 40 0.06851
9 48 0.068886
39 40 0.069331
24 31 0.069507
13 24 0.07142
37 52 0.071689
46 53 0.072234
12 31 0.073876
29 45 0.073905
35 48 0.07403
47 48 0.074283
14 44 0.074498
17 18 0.074529
3 46 0.074839
6 49 0.075296
4 22 0.075653
16 50 0.076355
1 10 0.077121
31 46 0.077685
11 42 0.078257
42 43 0.079253
34 52 0.081227
50 53 0.081493
30 53 0.082621
10 14 0.083248
49 50 0.083345
21 48 0.084236
43 50 0.084461
3 10 0.085049
1 49 0.085285
1 50 0.086289
11 34 0.087213
3 5 0.087813
8 15 0.087951
18 24 0.08801
10 35 0.088532
15 26 0.088682
23 26 0.088687
15 43 0.088858
27 44 0.089073
29 49 0.089514
26 46 0.089629
8 14 0.089949
9 17 0.089967
26 29 0.090738
20 40 0.091296
20 21 0.09131
2 34 0.093379
23 51 0.094359
48 53 0.094623
29 51 0.094953
34 48 0.095421
7 16 0.096121
19 27 0.097211
11 48 0.097325
10 15 0.097485
3 23 0.097698
36 51 0.097927
23 46 0.098546
27 32 0.099403
4 6 0.10078
8 29 0.1017
3 50 0.10248
30 48 0.10391
2 30 0.10403
18 52 0.10409
29 50 0.10516
26 31 0.10617
36 43 0.10643
8 9 0.10818
18 19 0.10854
2 5 0.10945
7 38 0.10977
5 13 0.10999
8 31 0.11
23 50 0.11024
24 45 0.11082
16 23 0.11107
18 48 0.11196
27 34 0.11238
32 36 0.11239
14 50 0.11322
46 47 0.11356
43 51 0.11466
30 34 0.1169
39 41 0.11898
7 9 0.11931
7 33 0.1204
30 33 0.12131
20 22 0.12153
35 43 0.12287
9 41 0.12303
30 43 0.12619
22 26 0.12884
18 40 0.12994
4 8 0.12997
14 23 0.1301
19 20 0.13024
6 7 0.13067
10 13 0.13193
2 18 0.13278
2 3 0.13365
3 25 0.13506
25 46 0.13512
12 15 0.13612
7 12 0.13627
1 2 0.13639
2 21 0.1376
39 43 0.13819
30 40 0.13878
9 27 0.13889
12 16 0.13939
8 16 0.13954
1 42 0.14072
44 48 0.1418
5 23 0.14319
25 51 0.14325
24 25 0.14411
37 40 0.1455
44 52 0.14639
21 27 0.14725
5 7 0.14874
52 53 0.14878
16 18 0.14917
38 39 0.15059
1 5 0.15232
21 22 0.15515
17 30 0.156
11 27 0.15607
43 46 0.15639
42 44 0.1583
14 29 0.15932
5 12 0.16081
36 39 0.16663
47 50 0.17119
51 52 0.17126
5 8 0.17143
2 42 0.17169
34 38 0.17196
9 38 0.17272
20 48 0.17682
7 36 0.17733
30 42 0.17954
32 38 0.18092
18 27 0.18163
2 20 0.18297
44 46 0.18436
1 4 0.18441
2 11 0.18761
3 51 0.18858
13 16 0.1889
46 49 0.1902
6 28 0.19048
2 4 0.19093
15 33 0.19322
2 40 0.19482
13 33 0.19513
32 41 0.1966
3 12 0.19863
16 17 0.19917
27 30 0.19918
9 11 0.20082
11 33 0.2026
20 52 0.20357
2 9 0.20558
28 31 0.20896
8 10 0.20908
4 5 0.2109
21 23 0.21225
30 37 0.21975
32 40 0.22058
9 32 0.22104
7 10 0.22242
10 11 0.22662
18 20 0.23009
23 25 0.23313
25 26 0.23489
47 51 0.23524
3 4 0.24067
18 29 0.24309
27 40 0.24873
8 12 0.24953
4 7 0.24996
13 31 0.25079
11 15 0.25316
27 42 0.25372
36 37 0.25518
26 49 0.25557
9 30 0.25972
43 44 0.26235
15 17 0.26561
26 53 0.26735
45 46 0.26853
5 6 0.26932
25 53 0.26968
12 33 0.27308
31 33 0.27452
14 16 0.2777
2 52 0.27787
39 51 0.27875
20 27 0.27906
40 42 0.28033
22 25 0.2879
35 39 0.28923
13 14 0.29443
2 48 0.29577
23 24 0.29634
12 14 0.29673
5 22 0.29806
28 29 0.29819
4 38 0.29843
7 37 0.30286
21 24 0.30602
10 12 0.31029
46 50 0.31776
15 16 0.31895
42 52 0.31974
40 48 0.32916
14 33 0.33565
40 52 0.33774
2 27 0.34005
14 15 0.34356
7 8 0.34443
30 32 0.34771
27 48 0.34855
33 36 0.35087
42 48 0.35236
9 34 0.3549
20 25 0.36127
50 51 0.36407
22 23 0.36462
27 52 0.36992
40 41 0.37162
1 3 0.37409
8 33 0.37945
19 21 0.37949
26 28 0.38315
26 45 0.38897
30 38 0.38937
15 31 0.38994
29 31 0.39304
38 40 0.39994
9 37 0.41098
4 42 0.41247
41 43 0.41258
1 39 0.4163
6 8 0.4167
34 37 0.43214
33 35 0.45924
49 53 0.46048
30 41 0.46788
1 51 0.48034
37 41 0.49299
43 47 0.50062
38 41 0.53147
32 37 0.53197
12 13 0.56532
16 31 0.57025
3 22 0.5731
32 34 0.57664
48 52 0.58077
24 26 0.66734
10 33 0.67168
10 36 0.68592
37 38 0.70112
16 29 0.70918
19 28 0.72758
4 39 0.7327
14 31 0.75134
18 45 0.81592
17 43 0.8949
13 15 0.93341
44 47 0.95137
24 28 1.0992
45 49 1.2982
6 19 1.3118
17 41 1.3755
21 28 1.4988
11 35 2.2066
