5 19 -0.30489
5 6 -0.30009
15 20 -0.25822
3 5 -0.25507
5 10 -0.25131
2 12 -0.24669
10 14 -0.24122
2 15 -0.23804
12 20 -0.23278
4 14 -0.23278
6 20 -0.22101
12 23 -0.22012
4 12 -0.21965
4 10 -0.21736
4 15 -0.21638
3 20 -0.21256
4 23 -0.21226
8 12 -0.21156
1 5 -0.20913
4 19 -0.20835
4 6 -0.20467
2 23 -0.20448
2 19 -0.19817
5 12 -0.19165
5 8 -0.18869
2 6 -0.18806
4 18 -0.18682
10 13 -0.18573
7 18 -0.18286
10 17 -0.18201
15 23 -0.18086
3 15 -0.18034
10 21 -0.17935
5 23 -0.17718
3 14 -0.17525
3 12 -0.17523
19 20 -0.17386
14 16 -0.17258
1 17 -0.17236
3 9 -0.17169
8 17 -0.17159
9 23 -0.17082
2 14 -0.16963
2 10 -0.16694
14 23 -0.16484
12 19 -0.16463
20 23 -0.1638
6 17 -0.16317
2 18 -0.16177
8 13 -0.1609
13 23 -0.16076
15 19 -0.16034
9 19 -0.15921
2 16 -0.15907
3 17 -0.15671
17 23 -0.15398
17 19 -0.15373
6 12 -0.15346
7 10 -0.15168
6 15 -0.15146
14 19 -0.15132
1 20 -0.15014
1 18 -0.14978
9 15 -0.1493
11 20 -0.14824
3 13 -0.14799
6 9 -0.14687
9 14 -0.14536
16 21 -0.1439
2 22 -0.14388
8 14 -0.14314
7 14 -0.14148
10 15 -0.14116
3 22 -0.14056
12 22 -0.13945
4 22 -0.1382
4 8 -0.13235
8 21 -0.13195
7 12 -0.12925
1 12 -0.12917
1 15 -0.12823
13 19 -0.12775
13 22 -0.12646
10 18 -0.12615
7 17 -0.12532
5 15 -0.12455
6 13 -0.12423
1 22 -0.12369
6 14 -0.12369
14 20 -0.1233
4 21 -0.12296
9 18 -0.12206
11 23 -0.12023
6 22 -0.11734
11 16 -0.11582
2 17 -0.11429
10 20 -0.11167
7 13 -0.11027
18 20 -0.10951
5 18 -0.10934
1 11 -0.10928
18 23 -0.10774
9 16 -0.1073
16 20 -0.10579
7 15 -0.10574
12 21 -0.10269
7 11 -0.097797
1 7 -0.096447
1 4 -0.096
1 14 -0.095213
4 11 -0.095188
5 14 -0.094219
16 18 -0.093775
2 8 -0.090713
2 3 -0.090284
19 22 -0.088955
15 17 -0.088762
7 21 -0.088485
15 21 -0.082946
8 20 -0.079619
7 23 -0.078381
17 22 -0.076573
5 11 -0.07642
12 17 -0.074825
8 16 -0.074373
10 11 -0.071409
3 11 -0.070876
13 18 -0.069404
7 16 -0.068501
4 16 -0.065102
5 21 -0.064761
5 13 -0.064713
3 4 -0.064694
3 21 -0.061482
7 22 -0.061318
20 21 -0.060215
11 19 -0.060172
9 21 -0.058722
11 17 -0.057411
9 12 -0.057163
16 22 -0.055167
9 13 -0.053419
3 18 -0.051409
14 21 -0.05096
6 11 -0.050867
12 16 -0.050405
9 22 -0.048794
5 22 -0.045854
5 16 -0.045579
13 21 -0.04511
9 17 -0.045039
7 8 -0.039168
4 17 -0.03845
2 21 -0.036699
3 7 -0.035948
1 8 -0.035292
1 21 -0.034442
16 17 -0.030747
5 17 -0.028453
9 20 -0.027298
6 18 -0.026406
7 19 -0.025577
2 20 -0.023014
2 11 -0.022148
13 16 -0.022083
13 20 -0.021052
14 22 -0.020129
11 13 -0.016272
11 21 -0.015837
11 22 -0.01111
15 16 -0.010309
8 15 -0.0081653
6 21 -0.0048398
1 9 -0.0033363
4 13 0.0027503
8 18 0.0034157
18 19 0.0038561
8 9 0.0048865
17 18 0.0067846
11 18 0.0092698
6 7 0.0096772
8 11 0.010963
9 10 0.017932
7 20 0.021223
15 22 0.021414
9 11 0.027067
2 13 0.02944
8 23 0.030828
5 9 0.035044
13 15 0.044588
19 21 0.046709
1 10 0.057876
12 13 0.061645
4 7 0.064411
10 16 0.066095
3 8 0.066294
18 22 0.070229
8 19 0.07961
11 14 0.087391
10 22 0.095422
10 12 0.10267
21 23 0.10605
6 8 0.11074
1 16 0.14172
10 23 0.14579
14 17 0.15045
1 23 0.15055
1 19 0.1621
12 18 0.16659
2 5 0.1705
1 6 0.18028
14 18 0.18829
16 23 0.1981
13 14 0.20227
20 22 0.20311
3 10 0.21815
7 9 0.2209
1 2 0.22504
10 19 0.23988
6 10 0.25931
4 9 0.26453
21 22 0.2674
3 16 0.27054
1 13 0.27277
8 22 0.27403
16 19 0.29213
6 16 0.31453
1 3 0.32973
3 23 0.33499
6 23 0.34249
17 21 0.34851
22 23 0.36489
3 19 0.37587
6 19 0.3771
3 6 0.39942
19 23 0.41052
11 12 0.42589
2 4 0.44004
14 15 0.45801
18 21 0.46393
11 15 0.50694
15 18 0.51936
2 7 0.52338
17 20 0.52599
12 15 0.6532
5 7 0.7376
5 20 0.81489
13 17 0.8255
4 20 0.83072
8 10 0.83893
4 5 0.89158
2 9 0.90042
12 14 1.1225
