38	50	0.857092553205404
13	14	0.5746163849741137
68	69	0.543187218227005
14	15	0.4994874035240453
1	2	0.4899209916579586
21	23	0.4837151058502337
11	50	0.4814919753829825
23	67	0.474033972098027
55	57	0.46428601409460835
3	5	0.46039751966515563
20	23	0.4505116762554091
21	22	0.42446191718388837
10	47	0.3963763922075224
42	43	0.39591975985749384
19	23	0.3821120679694051
3	10	0.3712604013396802
60	63	0.36593954971471854
10	49	0.3645924110468499
22	23	0.3637408821875291
11	65	0.36317918883973144
51	52	0.33760070420341415
39	53	0.3185212987840671
43	61	0.31798899888803445
56	59	0.31506593659513693
42	49	0.31466886923037984
18	21	0.3103112798090756
22	27	0.30888049450912636
32	33	0.2976687451959106
7	56	0.2907211026347789
14	16	0.2875410334799412
36	55	0.2875139973878199
33	34	0.28582236525197713
37	50	0.2856922613206899
38	52	0.27717478620131836
64	66	0.273850633664807
13	15	0.27232409650789924
54	56	0.2631400172107151
52	56	0.2548414808163626
23	25	0.2525540686760265
1	6	0.24975033044208061
9	37	0.24699601139836957
23	24	0.24618155580269296
67	69	0.24582291286713692
44	46	0.24243861326788696
19	21	0.24038683675383776
20	21	0.23967818135277186
38	39	0.2383545730045153
19	20	0.23641936167220134
28	64	0.23497521495118623
18	50	0.23190936233782655
33	35	0.22804264335340196
23	27	0.2194606811675196
7	51	0.21905986900352126
6	8	0.21781003939733334
10	62	0.2171751677724585
32	38	0.21564009419533547
17	21	0.21482771045976923
60	62	0.2114988475308004
62	63	0.20878971961382864
39	52	0.2019520006875597
50	65	0.1985412572006825
31	34	0.1981462711955193
26	66	0.19533619804949676
44	49	0.19480156897754752
36	54	0.19421122733332574
6	9	0.19376245656929975
41	51	0.19361970557143737
6	65	0.19092142461605696
11	48	0.19073390032564863
67	68	0.19060465601898552
42	52	0.1898115983797518
22	25	0.18841301231939045
51	53	0.18815091239019488
45	46	0.18748676943767373
52	54	0.18532905129142874
29	30	0.18531518594466823
43	49	0.18496755138473864
12	14	0.1848080475213697
32	35	0.18355304792534677
46	47	0.1828029536145208
27	30	0.18142670576409403
12	46	0.18124045575582937
58	69	0.18064980053824792
24	35	0.17828280064608393
20	22	0.17793852993103598
11	67	0.17743243442944834
34	57	0.17737842004889948
41	42	0.17695480239663253
1	4	0.17670623306916738
40	42	0.17610197993669607
11	15	0.17424657281969547
6	40	0.17097399274605518
42	51	0.17081497801455314
21	25	0.17052564303089746
15	16	0.16962466858940717
10	43	0.16871426382378152
36	39	0.16667203914553563
6	59	0.1598841707661231
25	63	0.15966637247381543
12	13	0.15902082414173135
25	27	0.15571830791073216
44	45	0.15384380300484823
1	65	0.15312100837107467
10	11	0.15294440629965578
8	51	0.15238439556340166
12	16	0.152120711637461
2	4	0.1507155410006092
66	67	0.14964309728020042
11	14	0.14884421189680241
26	34	0.14832297286532647
43	51	0.1464215173049923
29	31	0.1453512668408935
54	55	0.14534307772598865
31	33	0.14481310105491751
27	29	0.1433682845352623
44	63	0.14319024010181713
40	41	0.14317027089808376
6	69	0.14267210922558554
26	64	0.1426184638721223
42	44	0.14227379420351116
24	37	0.14134644758533477
34	36	0.14041733471144835
24	40	0.1401023823648384
26	27	0.138150805054566
5	8	0.13755659063051662
26	28	0.13664651424432994
65	69	0.13591490153006405
12	47	0.1358434521400328
7	10	0.13572668582801173
4	6	0.1349598748637879
24	27	0.13371393803395915
5	60	0.133408829063837
26	35	0.13311026758645317
39	51	0.13300138662805694
6	62	0.1322881867953652
40	50	0.1316147875903202
42	50	0.1313613186610566
1	59	0.13115607919937666
13	38	0.13065102972165432
22	24	0.1302497533432947
24	28	0.130159511110161
53	63	0.12978991618520064
35	37	0.1296665251011695
7	57	0.12943606677874897
56	58	0.12939935473092823
4	9	0.12933396424797794
19	24	0.12890992942731982
24	68	0.12871508950246613
3	53	0.128122806703726
2	47	0.12746664588966328
3	49	0.12653008584950098
3	44	0.12498922769403542
37	54	0.12417914959142295
41	58	0.12397824848963312
51	67	0.12395418871754738
17	19	0.12303528836451316
37	68	0.12158445913209304
31	66	0.1209012899661076
2	31	0.11986132404664118
19	22	0.11963054904592485
48	50	0.11953148752196197
60	61	0.11922330341574405
21	28	0.1189743142397911
21	24	0.11867244238418995
9	19	0.11861373912725481
53	67	0.1183415366476428
2	3	0.11697967860696057
29	33	0.11678499123792374
17	18	0.11663622728789047
13	19	0.1155984853952915
19	25	0.11487554874435035
13	39	0.11408896439057903
17	23	0.114040372955591
55	56	0.11335303443697475
39	41	0.11288721245138489
17	22	0.11242019188611185
5	44	0.1120624066380197
30	65	0.11198019962286826
35	66	0.1117628551091373
49	61	0.111556125396433
44	47	0.11139732821415049
31	69	0.11134495335434241
57	58	0.1112821509785259
8	19	0.11020331072892786
41	52	0.10941771427848024
4	58	0.10930720398983784
41	60	0.10907615387945935
39	49	0.10826561610511276
31	32	0.10806538570877622
16	17	0.10785190588393001
6	58	0.10725309595228322
34	63	0.10680110226802797
38	40	0.10661655051578167
1	9	0.10555422219158067
19	39	0.1054016170484312
44	53	0.10484063504264596
40	48	0.10482113281883465
8	61	0.10468027878333275
10	39	0.10366732328896011
35	61	0.10323280417949399
59	62	0.10267711349983383
1	11	0.10246930707008539
34	35	0.10151207057946887
36	43	0.10098240595598684
5	54	0.100664889050749
32	34	0.10052313084760989
26	29	0.10017770544958682
6	20	0.0994089771736299
10	51	0.09892585345610039
3	11	0.09890428345925562
20	42	0.09879716532312466
27	32	0.09864735743124542
9	50	0.09862646318408996
39	40	0.09763151214417976
45	61	0.09748159486391317
18	46	0.09717350782531786
36	64	0.09677610180926155
31	60	0.09672094263075792
15	22	0.09627153008996436
38	53	0.09542976589461971
28	31	0.09433627553485768
55	68	0.09361608172604913
12	53	0.09322111444222525
28	66	0.09263345892735997
7	49	0.09243153076443766
58	59	0.09231757576167832
15	17	0.0921268717537278
8	49	0.09181187103625577
18	23	0.09167590438533568
18	34	0.09133027922632964
27	31	0.09071312059715053
16	48	0.08955934347212047
50	51	0.08933062615846221
26	37	0.08879608463707733
5	66	0.08768889086581078
14	23	0.08764575151878484
51	62	0.08722363310190373
30	50	0.08698342882815813
6	38	0.08678520662737033
34	37	0.08649393513298964
53	55	0.08636078675745396
39	42	0.08631839957715004
38	61	0.08593904347078407
39	62	0.08530171957274701
59	65	0.08498559657547383
13	48	0.0834353621517987
44	54	0.08255805493528878
47	57	0.08172617683826755
20	43	0.08169960619426431
6	7	0.0815094646973476
16	30	0.0814420341691161
53	59	0.08124926305268765
5	57	0.08114870462368262
20	65	0.08091681322007366
45	66	0.08069537341326294
7	41	0.08049406623862299
3	45	0.0804394825018463
26	31	0.08043555023970772
30	47	0.08013577522260562
39	61	0.07965172280753541
2	61	0.07947683279058604
31	58	0.07936255042317308
11	13	0.07890711053896693
11	47	0.0783009861881
4	7	0.07815237082775317
43	53	0.07812392150313408
19	38	0.07752301319669341
48	65	0.07731001469552001
29	65	0.07675851872595563
38	51	0.07673414220872588
16	29	0.07666278735576137
7	54	0.07664164961770825
29	32	0.07657718074490544
25	36	0.07632251600881379
9	48	0.075729404331075
48	49	0.0756470727230093
13	16	0.07552230629302292
14	54	0.07546169972574746
7	25	0.07521941908798624
56	57	0.07498284779721964
4	61	0.07492287648015594
21	27	0.074629631588084
30	40	0.07461538132411755
27	28	0.07460289968700684
51	56	0.07458885511405966
20	30	0.0740220517307687
1	62	0.0738054404966701
47	49	0.07343409359999231
2	28	0.07324930604514579
59	63	0.07323028902209028
7	52	0.07317721533561805
49	52	0.0728854325368008
3	4	0.0728447938928154
24	46	0.07280568335729354
37	45	0.07253019325252708
40	54	0.07250542755369882
43	45	0.07167269183906444
37	60	0.07129783867218553
40	58	0.07099231322970961
28	30	0.07072400582737592
20	38	0.07060069764374177
49	68	0.069888019393192
33	69	0.06949257788401392
6	68	0.06905849249134263
17	46	0.06846582247720712
5	28	0.0684371516745429
9	45	0.0683155554373982
9	58	0.06819037445505549
29	46	0.06792358566883261
25	39	0.06785514551004723
29	57	0.06772103051726808
27	57	0.06752556445624913
45	57	0.06738640239658333
41	61	0.06724658762944535
6	11	0.06696943273014755
1	46	0.06694935114830808
59	69	0.0666958646490447
16	57	0.0664869898245134
9	33	0.06621501124734785
16	24	0.06610280713438621
18	22	0.0659736115469245
12	60	0.06593752988401824
20	25	0.06584406920166685
28	34	0.06566818442750322
2	54	0.06562738381951427
42	54	0.06539323003025588
38	42	0.0651824078891381
2	12	0.06448045573706473
55	66	0.06428780452810823
64	67	0.06406907034614495
4	59	0.06401229759329519
13	46	0.06400306721358207
35	54	0.063981677754116
37	55	0.06390082161050015
16	19	0.06348929366478018
18	19	0.0633781165299322
21	53	0.06316166265472944
38	49	0.063116437148797
61	63	0.06308664886655069
4	48	0.06267904725827589
63	64	0.06252969814083498
15	66	0.06245792008221829
12	15	0.062178014957991024
34	61	0.062096115826262954
25	50	0.0617419758314115
26	60	0.061706647478453336
52	55	0.061697464673394986
17	25	0.061190170453158554
16	26	0.06118870513366226
8	39	0.061136139967768455
33	60	0.06099604796976621
62	65	0.06085082411343201
19	27	0.0607228874981941
3	47	0.06070722636722803
40	49	0.0606119910997609
31	36	0.060500529470839504
7	23	0.06038673516739801
36	37	0.059975552249410424
40	53	0.05994673805424344
15	28	0.05968931942134481
39	50	0.059573169042621665
6	43	0.05924520044706788
10	20	0.059084750430469235
39	43	0.05907833161257525
3	28	0.05885256712022213
42	53	0.058732242438186866
18	20	0.05863416463801718
62	69	0.058060032897216673
35	57	0.05789536368977255
51	68	0.05740319296434415
10	42	0.05728615732492115
9	56	0.057044822983112864
4	68	0.05687951062727403
6	21	0.056661430647543864
48	69	0.05658312234244561
25	66	0.05632341788527395
22	45	0.05629057324369324
22	37	0.056193924860011624
26	46	0.05568963298129126
12	41	0.05563787607327486
6	52	0.05557854635437676
15	67	0.05554839810814294
28	62	0.05522785573235334
34	66	0.05511013061085335
21	69	0.05508814802219808
45	47	0.05498343214713752
51	61	0.05445000552337964
24	66	0.05395515779759841
30	57	0.053737836312709564
1	19	0.053670829368662576
3	6	0.05346787820386517
3	62	0.0532747761733936
25	28	0.053190739533125586
60	65	0.05314074867145624
7	8	0.05276198303498125
32	59	0.052704594005272
2	15	0.0524162118599788
54	58	0.052410709095107144
33	37	0.05207627915112478
24	57	0.0520334704810268
63	67	0.05201667025840029
59	68	0.05175650599055459
36	60	0.051724350724669965
31	57	0.05136351844122222
10	41	0.05118597678591408
12	59	0.05115741386672035
21	66	0.05079746801673524
15	20	0.05078170013665495
2	7	0.05014593236891285
2	64	0.05001428351430737
8	38	0.049941219363186296
4	16	0.049683252702976355
12	26	0.04962730085769573
9	32	0.049597399757762894
16	35	0.0492753940909012
6	48	0.04924344151044108
33	64	0.049181239456514314
58	62	0.04902483144805003
4	56	0.04885941766016255
38	41	0.04885442064616541
31	63	0.04871404033502569
52	58	0.04855537349357092
29	44	0.04851828789252011
17	40	0.04846548944982265
17	27	0.048245325550875684
8	14	0.04812340537192339
35	44	0.04804328315250117
51	57	0.047553912641896345
39	58	0.0471999005212535
8	18	0.04705564408342555
9	25	0.0470042365251514
8	48	0.046963291220578185
19	56	0.04686035815959222
22	57	0.046652642733832406
16	61	0.04657026263500985
26	30	0.04645372548909443
4	29	0.04606102713445259
45	65	0.0459723554333753
15	33	0.04576475429154703
24	44	0.04573253703370361
17	44	0.04514818594089254
41	50	0.044734796134491606
52	53	0.044726927111831905
18	43	0.044618824519432665
5	35	0.04457909273837268
30	32	0.044533348219291835
35	47	0.044200909929642984
16	28	0.04416667244636063
6	53	0.043984156937753593
5	16	0.04388246533233575
10	36	0.04386789009754577
27	64	0.04376515906188172
1	68	0.04362437998074428
45	51	0.04349430359047923
4	22	0.04328295907951718
2	55	0.04325393487248208
35	67	0.04303082146212789
25	65	0.04299126724688701
8	24	0.042907622177488
12	57	0.04275979376980632
13	61	0.04213095688377988
24	26	0.0420632869846006
40	51	0.041971549140016884
26	32	0.0419046401668659
8	67	0.04170249153046024
9	24	0.04161428703188508
18	28	0.04151055062141851
43	48	0.041451410610095274
4	67	0.04129331671802483
20	40	0.04085245155982331
53	61	0.04020270783696611
46	62	0.04002707124334648
29	59	0.03996517124138138
26	68	0.039876549201148026
11	12	0.0398660233772018
14	48	0.03984373541809483
34	64	0.0398415620362077
14	61	0.03981844830864412
30	35	0.0397283714327622
8	16	0.03961068391057421
4	8	0.03958748457972061
19	37	0.03946211674845823
16	32	0.03934086393836966
34	59	0.03924813087979817
36	51	0.039227130793589415
35	48	0.03907044316864938
46	54	0.03905100798287531
43	59	0.039043905904971976
12	64	0.038973337659721
5	41	0.03887796247535236
33	45	0.0385859919179925
29	56	0.038579068087625235
13	27	0.038561660350358684
20	59	0.03855543372456094
8	11	0.038473817213332206
8	65	0.03822660621114177
16	59	0.03801799047058607
17	31	0.03790001686926281
28	46	0.03782826265141159
32	41	0.037666462342812124
2	40	0.03763411900692554
21	30	0.037603686988595064
54	62	0.03708967532305851
33	63	0.037074434618279084
50	52	0.03703439875275871
44	52	0.036994036832033506
46	49	0.03690778861555821
5	55	0.03676673886640436
37	65	0.03655312580721726
27	59	0.036530931344887274
18	36	0.036530786808309346
22	68	0.03651523481577146
3	59	0.03647662639487936
60	64	0.03633676584447754
28	54	0.03631216455386077
30	46	0.036296953424134526
35	64	0.03621676598630219
25	38	0.036127872484625456
11	46	0.03610728821641096
30	31	0.03603385532176373
24	47	0.035945824811112415
22	40	0.03572117630181326
8	59	0.035642473859605506
8	22	0.035524054964377494
61	69	0.03544958362410283
31	61	0.03539063928165864
12	44	0.035377358355671795
8	21	0.03518950069019433
2	45	0.03517080631948344
36	50	0.03505318165652693
7	63	0.03498705227793286
37	40	0.034922141145507846
43	63	0.03482641349638149
28	67	0.034762279653447914
19	52	0.034667710810551644
24	63	0.03433677532167734
56	61	0.03428416745729346
36	58	0.03423654662535924
30	66	0.034037569408731705
12	52	0.033787098140809824
36	56	0.03376696820537317
6	42	0.033717158565629235
34	54	0.03370339862956684
53	62	0.033667222677908115
19	61	0.0334945644331508
47	64	0.03344587291717227
18	49	0.033275483097767844
9	44	0.03325389062990347
65	67	0.03321599323671803
28	42	0.033092094824507146
7	60	0.03305050846349766
12	34	0.03291611188228394
22	34	0.03288873336486031
58	65	0.03270388904395005
41	67	0.032635411740358444
13	56	0.03240830576709286
13	28	0.03231259817834131
43	58	0.03224136649942061
35	62	0.03216876714969752
14	18	0.03208922309578233
24	30	0.03185318848138552
7	14	0.0318517212044469
26	36	0.03179845528543557
7	18	0.03176040971708449
1	17	0.031690677880140905
43	62	0.03156652881195049
17	57	0.03138067514527054
57	60	0.031334802005407836
36	61	0.03130368300795827
28	45	0.031181055229248633
17	45	0.031139701234712547
12	48	0.031076962201706304
15	27	0.031063818893635853
43	67	0.031034031734157197
17	64	0.03101594551399156
25	29	0.031000372204385562
12	17	0.030932074437454493
17	29	0.030906513259571222
12	36	0.0308700784794963
9	53	0.030769011526868506
18	64	0.03066681242069247
8	41	0.030614682554584882
33	41	0.03048642250875855
28	68	0.0303872450732387
19	28	0.03032203275755685
58	60	0.030301650450035522
5	40	0.030230897347196528
48	57	0.030228593963748107
39	68	0.03012463667753351
12	33	0.029896128922211607
4	20	0.029860365930428845
14	55	0.02980267705889461
20	28	0.029756891625709714
16	46	0.029685302020136195
16	18	0.029662335894753533
36	38	0.029644494417933043
54	61	0.029500579135961047
8	42	0.02943110091959744
29	34	0.02937576583791557
30	62	0.02904991236664456
4	34	0.02898851575872996
38	65	0.028702896030443903
43	44	0.028652322031015087
32	52	0.028559329407035428
36	47	0.028505900423386077
28	29	0.028493360271403034
15	19	0.02844787583178532
39	63	0.028113589915675474
43	56	0.028079534822137875
57	64	0.027980413367963308
12	30	0.02786707126160981
1	58	0.02783098057535105
8	55	0.02778345417239303
1	5	0.02775285266041988
47	48	0.02774058121391665
13	64	0.02756017942600264
9	29	0.027489418867873705
3	18	0.02726733783281754
24	64	0.027166892085884187
1	69	0.026991542392856255
7	38	0.026953997791226758
37	46	0.026923677292777115
18	60	0.02676821555774911
33	46	0.026762168812200393
7	24	0.02669983905846307
1	54	0.026612748537288566
29	60	0.02622639997933429
57	63	0.026181414999976615
15	29	0.026104105053174842
6	54	0.02608192350445343
26	55	0.026014535461000854
6	50	0.026000415635300866
4	27	0.025936420656649917
57	66	0.025840620034264572
40	43	0.02583257217043622
63	65	0.02561122124731352
54	60	0.02556618548213574
7	11	0.02548172888000866
1	30	0.025016199962561936
7	32	0.024916585449080042
28	37	0.024825770056775553
29	69	0.024695517777217763
8	69	0.02458950270096716
44	48	0.02454913596903807
4	12	0.024334005131765202
7	55	0.02431097083922773
50	53	0.024304921206131258
24	60	0.02423566810264055
5	7	0.024219438993186126
4	5	0.024126696281560167
54	64	0.02374237827579817
58	61	0.02371311671055254
14	51	0.02353189657181609
25	58	0.023516155360975177
13	35	0.023403575436016455
49	58	0.02338076796270594
5	17	0.023373740274915678
5	20	0.023235355889240084
25	30	0.023123523440211735
48	56	0.023030449934026698
49	54	0.023025730181020165
47	54	0.02285385392972783
42	48	0.02281451284884184
56	65	0.022809084597365636
11	26	0.022627048181947496
35	69	0.02250531323557725
31	64	0.022476745104749507
17	67	0.022410328111968303
37	52	0.02229968888685252
34	56	0.02223295265365277
28	35	0.022151972179000112
27	33	0.022072944406890227
59	61	0.022029165208526713
12	45	0.021927842381042617
7	39	0.0218948244361582
9	30	0.021852644161308166
6	25	0.021851547500396362
1	3	0.02183256418348073
13	68	0.021754952231868574
28	44	0.021721174757543316
22	33	0.021706382910896327
2	33	0.02166639971545603
26	43	0.021606383436373555
4	47	0.021504445330804534
16	55	0.02124923990121763
37	64	0.021219133212948438
1	63	0.020873327204769143
46	50	0.02086281815470714
24	36	0.020789535028073236
36	52	0.02074761602884767
12	55	0.020712922792858968
31	47	0.02065588104753624
6	41	0.020645608526357995
3	24	0.02063872952501844
32	57	0.020625831964368957
14	40	0.0206074990383166
2	5	0.02056096168487731
28	60	0.02032312761162558
48	62	0.0202945775512402
32	37	0.020260719894814483
55	61	0.020253792067991494
51	54	0.020247212378888824
22	53	0.02016771025388342
4	30	0.020105742670265603
31	35	0.020028260097961548
30	41	0.019999120498772616
44	66	0.019876150026762907
50	62	0.01982999784427375
28	47	0.019780554169078868
32	67	0.019663354774980046
3	61	0.019619794148486358
65	68	0.019482408022695907
20	24	0.01939576057311654
36	40	0.019319832706472195
5	24	0.019292383592112383
5	26	0.019263704461040643
16	66	0.019193802909728608
44	57	0.019189301488152455
15	64	0.01914647240163181
31	48	0.019092766787365267
17	36	0.01900474907715788
25	47	0.018855532015737753
15	46	0.018826898293797134
11	68	0.018825042083241927
17	47	0.0188244713270751
52	61	0.018778713708546113
17	32	0.018688119046327167
23	38	0.018684903128086794
41	53	0.018677833696165713
41	43	0.01865261861100076
1	52	0.018629649495286393
57	59	0.01858336326900689
33	55	0.018552761580564958
5	65	0.01840062615054916
55	60	0.018355856843125573
26	63	0.018175995339181794
28	33	0.018123106398299393
45	54	0.01809251608617002
16	27	0.01807789110129132
4	63	0.018043034252414936
35	36	0.01800088863646776
2	6	0.017765151771886034
3	31	0.017732214153488912
29	66	0.01744586473940679
14	33	0.017398420472214737
42	58	0.01733934513375257
47	66	0.017195546549319318
45	60	0.017147837458386217
33	44	0.016946289462671515
29	45	0.016907133513561656
7	48	0.016761247415331026
2	26	0.016747033716153492
22	31	0.01656234664716194
21	65	0.016542494379634398
46	48	0.016291943295106526
2	34	0.0162460262326789
43	65	0.01596708760114468
5	18	0.01596399911079316
32	47	0.015938163861221932
33	58	0.015909941587880783
36	59	0.01581191448354302
8	29	0.015623697243254298
2	41	0.015422694584488084
35	45	0.01542229033334308
4	21	0.01537920244442037
46	58	0.015372308344135721
5	46	0.015342443432165953
6	33	0.015183731518880916
15	39	0.01514939253193881
17	48	0.015050045268917844
26	62	0.015004668972375623
3	8	0.014939301270822325
29	62	0.014882747524830375
14	67	0.014833038728749748
41	46	0.014731403417717726
42	67	0.014728268205684958
4	39	0.014597016463108625
2	18	0.014475386695555148
32	65	0.014471170813977197
60	66	0.01438802728185462
4	57	0.014366061993450585
3	41	0.01434375559915968
8	10	0.01428560409682067
11	17	0.014276475994840832
16	69	0.014259603289089262
33	68	0.013839098896793856
55	64	0.013822436829058482
27	34	0.013757176031322982
10	13	0.013718647097801795
48	67	0.013689295048350703
4	32	0.013676615869331887
34	46	0.013674212682894704
56	68	0.013668836776167759
17	58	0.01366616473682164
5	14	0.01363865523475738
14	62	0.01363814620538395
54	65	0.013613866523145168
3	57	0.013362484023043963
10	44	0.013254336308905157
14	25	0.013158878223244352
50	68	0.013077366717941519
30	63	0.012851432155954079
46	64	0.012830846496254322
18	35	0.012775316459838981
27	45	0.01275679415369424
29	40	0.012619154861404358
44	69	0.012577647560626293
5	58	0.012429758240832811
4	18	0.012297562249288463
5	6	0.012291856736873608
3	35	0.012108869729344773
36	49	0.012097842233967704
53	68	0.012008242933819913
29	55	0.01179090413322137
53	57	0.011756282363147186
13	22	0.011732478415489966
40	59	0.011688242492041201
39	59	0.011613557905271077
36	42	0.011568782370643294
49	59	0.011559583657784644
34	47	0.011483416333056717
27	35	0.01134883168359746
15	26	0.011282587202062544
31	56	0.011221779732813464
37	63	0.011196265300500552
10	27	0.0111734951312773
5	48	0.011007597812839554
5	52	0.011006815172417528
47	60	0.010948732469394762
24	33	0.01084758965426913
22	61	0.010837861852412534
43	66	0.010766053290869326
32	64	0.010737414985297011
33	59	0.010709715710714218
15	18	0.01064768556328477
5	64	0.01063646704599186
8	28	0.010607738264958422
30	56	0.01038773095975698
46	66	0.010320492973112438
56	67	0.010196161909485246
1	64	0.010139391771925854
14	28	0.01012550716929228
24	25	0.0100558746210202
19	49	0.010034872120705973
14	39	0.010023416826515641
27	63	0.00998543400889973
20	41	0.009833425129970652
24	34	0.009732433241387617
24	41	0.009648162205965538
48	60	0.009606361874547664
23	37	0.00958483842561142
27	47	0.009540230066552136
62	64	0.009500900098737164
20	54	0.009490212497098804
18	51	0.00939915082094922
7	16	0.009369783172473167
8	31	0.00934402105928922
1	39	0.009303961686269291
22	41	0.009225576503787192
45	53	0.009167987913933917
17	28	0.00907924544296701
18	45	0.00883456797901061
4	23	0.008642047199837521
49	55	0.008575069311081984
38	69	0.008321101095330963
48	63	0.008259495239398396
1	35	0.008055873952768411
47	62	0.008035794902833127
54	63	0.007907849325265892
35	53	0.007834790576089823
3	9	0.007816999935408298
29	37	0.00777317719179349
7	59	0.007727654001041695
9	10	0.007651824549872788
14	68	0.007563459616603041
41	47	0.007560122706176786
4	69	0.007539627655672093
23	65	0.0075323392868566486
22	39	0.007456064433436049
13	41	0.007417415305158714
2	69	0.00733222558798674
45	55	0.007277678880377003
1	67	0.007198975987207645
2	68	0.007139677666318733
53	60	0.0069890184158569735
5	62	0.006954989875561202
1	45	0.006842003052846879
25	61	0.006742428849454751
9	64	0.006738347073228956
9	65	0.0065190358930216075
29	35	0.006444840820157727
1	20	0.006412395965815831
23	55	0.006386132031365843
9	13	0.006224921818486773
52	59	0.006223177496096244
55	58	0.006100903495357413
7	58	0.006058665818494902
40	46	0.005956394870518578
12	31	0.005868061077378139
49	63	0.005668793904494263
12	42	0.005662736987988137
8	9	0.005621525147452067
29	36	0.005576359868529335
25	26	0.005258119660418004
38	45	0.005160331707792509
9	47	0.005128834351357803
41	54	0.004966105374401009
17	26	0.004904735807988114
19	34	0.004898019276509014
2	11	0.00488925550905428
19	26	0.0048379611715216875
2	27	0.004688609677176214
5	12	0.00463997938772942
44	51	0.004634272896518854
57	69	0.004576394990136234
32	63	0.00448250464992872
10	55	0.004421285919169571
37	66	0.004396339631400292
26	47	0.004366215622231828
9	61	0.004331194903953728
13	47	0.004214174575621343
3	43	0.00415940000309567
11	43	0.004082230121695285
1	28	0.0039837133686633774
18	66	0.003920540422363117
61	62	0.003917684274860167
34	48	0.0037399838751387415
30	64	0.003704474943955649
21	55	0.0036152558189668227
5	53	0.003553284984216698
48	61	0.003426062161078103
45	58	0.003220167699316878
4	10	0.0032058275451171125
23	36	0.00318154193464526
4	11	0.0031640586915014923
16	54	0.0031220912683044277
23	31	0.0030452357581735034
5	45	0.002994476777141819
49	51	0.002975493353083891
16	52	0.0028975267177643316
33	36	0.0028527739066795954
57	68	0.0027462757416243377
51	60	0.0026382845548390543
42	64	0.002607660492806807
4	15	0.0025314141238820254
24	53	0.0022762625981955775
32	66	0.002162558439180007
35	55	0.0021174911637202865
38	62	0.0020413097113087253
2	35	0.0018554115684862316
16	25	0.0017284325466719874
2	30	0.001720563883994386
29	63	0.0017067483979490428
8	53	0.001683532243310304
15	30	0.001666502892542443
12	56	0.00165992926581493
3	56	0.001595802934134527
27	53	0.0015670727423803266
46	59	0.0014042638242223182
3	26	0.0013603247612093972
12	51	0.0013583307362216024
17	54	0.0013332829140428881
27	69	0.0013147897817094023
10	46	0.0013026678457244145
13	57	0.001126751102478174
3	50	0.0010984380300745888
15	23	0.0010919422231332465
25	44	0.000965037583935402
1	40	0.0007874102582264841
13	66	0.0007083136789175493
16	31	0.0006520436882906377
5	61	0.0005423172497271977
19	29	0.0003539064014649318
64	65	0.00028554673532682484
25	60	0.00027495380712694306
27	37	0.0002475403600114001
21	68	0.00021777353734153682
13	34	0.00021501757649422526
27	36	0.00018284419204583902
30	45	5652380143161828e-20
19	35	14953279516172202e-21
41	56	-44286146678951255e-21
63	66	-0.00011289974076911236
9	18	-0.00015484041592639386
45	59	-0.00018970785613503516
20	29	-0.0003534526192796039
10	25	-0.0003861476371107564
51	63	-0.0004212142952200182
16	33	-0.00044594441240009
12	61	-0.0005361591627064399
7	67	-0.0006179931615941658
1	55	-0.000698090449819444
36	66	-0.0007375870075334579
20	55	-0.0007819554649778349
43	60	-0.0008340527274165455
40	44	-0.0010609989875769443
26	45	-0.0011005842187126191
5	13	-0.001104620207018403
40	45	-0.0011315876215655107
5	10	-0.0011453178753372262
20	50	-0.0011878322459651924
8	44	-0.0011937070158121177
8	54	-0.0012466494711583787
7	21	-0.001509723170114774
9	20	-0.0016006773204707558
18	67	-0.0017606266092324852
64	68	-0.0017640226425859051
7	42	-0.001810443173504872
26	54	-0.0018498445775575467
6	15	-0.0018833128154564505
35	49	-0.0019388001828947177
15	69	-0.0019640643967227533
47	61	-0.0019683966021273314
4	19	-0.001974574273394869
2	46	-0.0020079532985753934
45	64	-0.0020523876426056242
23	34	-0.0020637881056408958
23	30	-0.002143994024923268
11	40	-0.00226186173427112
35	56	-0.002426285198909084
45	67	-0.0024849241028767066
19	66	-0.0027648114147983405
15	42	-0.0028989034438803296
56	64	-0.0030785400405594077
31	46	-0.0031169669037203196
28	41	-0.0031672269699244415
9	16	-0.0031744620499692955
49	56	-0.0032010098159822586
14	57	-0.0032285479690830066
16	36	-0.003233194263751793
3	37	-0.003256767178568265
21	32	-0.0032579930201740437
10	12	-0.003286503746224745
15	62	-0.00333279882562032
4	35	-0.0033374079115189303
58	68	-0.0033433632088745724
17	24	-0.003359795829820489
8	64	-0.0033648843174889365
15	43	-0.003555591305509198
6	55	-0.0036162604954543265
37	39	-0.003773070864290906
2	22	-0.003817956443088022
12	28	-0.00382516171813585
18	42	-0.003948160411038626
59	64	-0.003986354361939726
26	57	-0.004013647987779367
9	41	-0.004052386468758273
41	63	-0.0042332199666770265
5	9	-0.004367571231576051
17	63	-0.004647266281117557
2	14	-0.004695231848465209
54	57	-0.004709220824872462
3	63	-0.004791848230330964
30	60	-0.004802763428479295
2	24	-0.0048060918491702465
25	55	-0.004806779860566324
19	32	-0.004832466069655927
28	63	-0.004863470846927953
16	43	-0.004899979224165629
10	18	-0.004949508480166731
15	49	-0.004950406731137336
8	26	-0.005116164761444053
42	45	-0.005158045336582706
26	56	-0.005170280006617345
32	61	-0.005216386441142751
19	51	-0.005410802629053246
5	27	-0.005694727494200413
10	17	-0.005703853603957865
12	69	-0.005733510458140911
13	62	-0.005749345285607332
22	67	-0.005824444442543264
32	68	-0.0058977879713345005
27	60	-0.005904586351131447
1	31	-0.006073572625683699
33	43	-0.006109353953572372
62	68	-0.006259178372269636
16	47	-0.006264052471494641
11	62	-0.006296127624797143
17	55	-0.006325822290209615
13	45	-0.006325997106552572
21	64	-0.006407931165406389
16	50	-0.006472057769869144
12	29	-0.006509501523808969
4	45	-0.0065641377632613684
21	26	-0.006591453286797444
17	59	-0.006720217586290378
28	57	-0.00673675336694457
18	62	-0.006819372861359474
23	60	-0.006854190354855905
29	58	-0.006914342525038475
32	49	-0.006942491046200816
52	65	-0.0069523862366573375
39	55	-0.007149763724231595
16	58	-0.007200331520315184
46	56	-0.007229227086980594
20	27	-0.007312400691387055
8	33	-0.007319394221670605
18	56	-0.007327195619182603
66	68	-0.007331792836043294
36	44	-0.007352819464077842
9	26	-0.007433809403671332
22	66	-0.007446963644948568
35	40	-0.0074567682247009826
16	34	-0.007478349278627339
20	69	-0.007481031688853668
33	66	-0.007547276184644014
37	44	-0.007599294252433109
7	15	-0.007868260187983589
5	42	-0.00787359273786059
12	32	-0.008065808893636506
22	62	-0.008267327418392312
2	62	-0.008365344455180501
25	49	-0.008401736412510186
13	33	-0.008467382438994364
20	46	-0.008473721798601286
37	67	-0.00849814920400338
19	42	-0.008498764405942105
15	56	-0.008578056703694603
34	51	-0.008646949604781962
33	54	-0.008664733224688748
37	53	-0.008777503583923374
3	48	-0.008823739330975466
8	60	-0.008885989112247805
22	30	-0.0088892493886783
59	60	-0.008938099411245348
9	11	-0.008995115264832654
2	21	-0.009024556297290931
46	69	-0.009074060839294629
32	60	-0.009080526841480974
9	14	-0.009312580474213239
23	42	-0.0093369157695532
16	49	-0.009442396821719767
42	61	-0.009447996852465557
17	33	-0.009459649265460501
9	22	-0.009591178313304694
16	65	-0.00978406213903843
13	17	-0.00983384062231396
27	48	-0.00990416840997621
1	37	-0.009943687895623499
12	20	-0.010077543550366719
8	30	-0.010080765766486421
35	60	-0.010082868560360225
45	56	-0.010102509175508922
25	48	-0.010105105947679438
45	48	-0.010126641873769882
40	65	-0.010172263464968134
48	51	-0.010189898405233766
13	49	-0.010219615383308955
13	44	-0.010226200013734088
48	58	-0.010338418286354567
5	47	-0.010434642438620023
14	41	-0.010445830794345579
36	53	-0.010474065973099411
22	32	-0.010494386218290574
55	59	-0.010520942565505398
63	69	-0.01055226290676764
61	64	-0.010688306226192212
40	47	-0.010749610699957945
17	34	-0.01076219538939438
45	68	-0.010774465103651987
13	24	-0.010857670778934958
44	58	-0.010928251787666765
27	46	-0.010999314088072532
52	69	-0.011022177120560028
31	55	-0.011060996722331407
4	25	-0.01106454493175868
47	63	-0.01109269079800812
32	46	-0.011221581266770753
11	37	-0.01132454806452865
22	35	-0.011545025280304544
48	68	-0.011609271415007838
11	38	-0.011654005975894999
7	9	-0.011656428468474922
44	60	-0.01166669984213764
11	16	-0.011723666282040579
12	37	-0.01176081763646275
19	45	-0.011826018149764361
58	67	-0.011828276599463894
21	49	-0.011845693352892428
2	53	-0.011928910689464
16	22	-0.011961976258730078
23	28	-0.011986894605991116
16	62	-0.011997011568193772
41	48	-0.012092976802620559
25	42	-0.012103701816672419
24	32	-0.01216824675775785
34	58	-0.012213094567106064
13	55	-0.012220345903834584
21	48	-0.012234202125382398
38	59	-0.012260783976023981
21	54	-0.012285682699184064
4	31	-0.012325767627093254
15	47	-0.012328524277957276
5	50	-0.01249779229667658
3	21	-0.01254950280219802
2	57	-0.0125627456650923
38	68	-0.012709186495686586
39	60	-0.012721091591315847
25	51	-0.012879683310704104
15	55	-0.012922632597447081
17	51	-0.013034178723076106
18	47	-0.013085239530204018
10	52	-0.013154882010224078
47	58	-0.01331352212981285
33	53	-0.013332378391608168
49	53	-0.013462815812371742
41	57	-0.013465837197997876
17	69	-0.013548863347447593
7	64	-0.01360989965674908
43	68	-0.013615028617350478
2	37	-0.013796049479148587
20	48	-0.013916859621890376
33	48	-0.013943187333617546
42	57	-0.013986560746727217
11	59	-0.014059196946445585
9	39	-0.014124959033866125
7	35	-0.014250900170074354
13	53	-0.01438774686585309
4	13	-0.014442368609510647
17	50	-0.01448984330615688
31	45	-0.014526762599187726
16	64	-0.014530525888211465
39	64	-0.014555867827919733
3	67	-0.014565533971129696
3	60	-0.01464985976287092
24	59	-0.014700441106737183
11	29	-0.014876236804417409
32	62	-0.01495647347216944
24	45	-0.015035948125127097
13	26	-0.015185798152521635
10	38	-0.015314541414365612
6	12	-0.015388433310485117
7	36	-0.015519143574713734
2	13	-0.01555382753574952
21	40	-0.015601691125894601
62	66	-0.01567666042724236
9	69	-0.015688927052789098
34	55	-0.01576798079235664
50	66	-0.01578204992949306
38	58	-0.015787478027728785
5	37	-0.01580672562302754
13	37	-0.01594659047439817
47	52	-0.016025491783795642
42	59	-0.0161952356197943
20	26	-0.016250316958685507
34	60	-0.016317304426649915
12	50	-0.016340960695959916
33	47	-0.01637592619433348
35	38	-0.016485373782029966
37	61	-0.01652480836377701
15	48	-0.016686644375559667
42	66	-0.016737274416406045
9	43	-0.01676689387183472
21	67	-0.016803536787771578
53	69	-0.0168040283670364
22	47	-0.01695126074735742
28	32	-0.017046492137809177
34	62	-0.017051159052879794
3	68	-0.017140756683804603
33	57	-0.017212977293107445
18	26	-0.01732249443386047
12	68	-0.017433568071280214
51	69	-0.0174478628103642
36	63	-0.01762628174634051
9	36	-0.017632273751556626
31	41	-0.017689174903746663
40	64	-0.017791297710366805
6	63	-0.017891028826437838
11	32	-0.017910780687727
11	56	-0.017987490733059386
34	65	-0.018031924912026986
37	38	-0.018100831136515394
26	33	-0.018270131939822853
9	60	-0.018277310378505662
19	59	-0.01827808640309536
22	29	-0.018413165061427206
24	54	-0.0185424678763515
44	56	-0.018554679555687903
15	25	-0.018638258180313616
7	44	-0.0186590171393346
13	29	-0.0186825895281032
11	51	-0.01870168572469222
6	46	-0.018793401102863927
28	56	-0.018794024646586305
56	63	-0.018848084535388443
30	33	-0.0189663588348985
7	66	-0.0190223127465855
3	64	-0.019040185221780637
18	53	-0.019141407688107792
2	67	-0.019217310489579198
37	43	-0.01922533734270193
25	67	-0.019236036320770755
12	66	-0.019274418231757573
53	54	-0.01934600203640502
14	21	-0.019412786856494613
18	30	-0.019442211874069026
1	29	-0.019631848795166218
6	51	-0.01963784944623498
18	68	-0.01976981431287611
33	56	-0.019846394671571788
29	67	-0.019887737633918545
33	40	-0.01989641112656282
22	44	-0.02016156589828022
50	58	-0.02029857725221562
52	66	-0.020403157132853456
56	66	-0.020457327025356298
29	64	-0.02050096734410578
29	61	-0.02054376758679577
41	62	-0.020663022331954273
66	69	-0.020682917490512764
15	41	-0.020709573128693703
7	19	-0.020741162279276915
1	56	-0.020795356515410368
2	49	-0.020827723923059316
11	39	-0.020896136186369874
9	21	-0.02091981421505107
3	42	-0.020922618815917615
47	55	-0.02095538135406161
2	17	-0.021043734901141975
23	43	-0.021069718940513016
32	58	-0.02108534072986684
8	47	-0.021103094019068958
3	52	-0.021198275259388666
11	25	-0.021458422388735854
39	56	-0.021504837453694248
13	67	-0.021619384411455722
9	46	-0.02170042607715661
18	24	-0.02175595226435234
19	31	-0.021771910760572166
23	29	-0.021829733871758017
13	18	-0.021831352532850512
16	68	-0.02185456217299453
7	37	-0.021886675740017236
63	68	-0.022006529429414
45	62	-0.022113546221778857
2	9	-0.022143984435286757
17	66	-0.0223239235137197
44	55	-0.022345030107184805
7	33	-0.022420537052439182
8	12	-0.022458649457689273
9	57	-0.022504456200495127
2	56	-0.022510728272503555
43	47	-0.022718828800616486
17	41	-0.02282953251158959
34	40	-0.0229226457662407
17	30	-0.02292475333080618
51	58	-0.022959513403464582
20	67	-0.022966009585194347
38	63	-0.023066919956405085
13	65	-0.0231215717647989
37	56	-0.023182504842389373
32	36	-0.023242605238816827
55	65	-0.02333581174746524
30	34	-0.023371169011878523
39	67	-0.023533982574414303
4	37	-0.02361484239327527
25	68	-0.023863919677544754
9	55	-0.023906541532005887
52	67	-0.02391165004046536
18	54	-0.02394124287474475
40	56	-0.023972456441142542
15	59	-0.02399592984950527
50	61	-0.0240769432466722
3	32	-0.024108348903131183
9	27	-0.024195517272014744
12	58	-0.02444832562389715
8	32	-0.02473899621595782
1	38	-0.024748994052658846
12	23	-0.024881642387431957
46	65	-0.02488268868569915
17	20	-0.02490364800977174
40	63	-0.02499772396361688
14	17	-0.025033189626986974
33	67	-0.025091295009188053
10	59	-0.02510359291175146
46	61	-0.025193790522394677
50	67	-0.025260399741888206
20	66	-0.025322911584740537
17	68	-0.02541362391770624
27	49	-0.025441466925122058
10	35	-0.025529769640724287
42	56	-0.02560260836262862
7	29	-0.02563924588925104
13	52	-0.025781071662890676
30	68	-0.025789973482602258
40	66	-0.025912384245798337
10	63	-0.025954349952369782
7	40	-0.02597892488011877
2	36	-0.026070898053128455
36	62	-0.026091633350596277
9	63	-0.026137095197990234
36	68	-0.02615342200689541
3	12	-0.026165703767327297
19	58	-0.02622169208656111
4	53	-0.026251693693473466
31	67	-0.02626075785215254
10	60	-0.026389793341433876
46	67	-0.026476106441036817
3	7	-0.026530461574978514
61	66	-0.026587172710450635
5	11	-0.02661993354918102
32	55	-0.026689825641549758
30	43	-0.02673471907096392
38	48	-0.026742067343243026
15	58	-0.02674222410457694
18	40	-0.02676951336061051
7	61	-0.026885220639235374
9	42	-0.026906769327071145
19	67	-0.026914955367020266
11	44	-0.026950874119730184
12	25	-0.027039205258558408
37	47	-0.027076455171444636
26	40	-0.02707952687749149
1	43	-0.02713278578778311
5	21	-0.027166601937097634
5	34	-0.027200890260729804
48	54	-0.02720695713182386
23	68	-0.027251499503606114
11	63	-0.027299607834660122
9	68	-0.027347123323772315
9	34	-0.027372404367002723
21	43	-0.02739794393294237
27	40	-0.02742861778888306
14	49	-0.027445140337706397
43	69	-0.027516421554354215
38	67	-0.027644082532933156
30	59	-0.02768473926436338
18	57	-0.027710092972771383
14	22	-0.027745929161193228
37	49	-0.027781958021586006
22	63	-0.027826563825855022
45	69	-0.027913920071943488
15	31	-0.027914884683276187
18	69	-0.02795211969845146
19	69	-0.027962737030767126
44	50	-0.02796610871187466
20	44	-0.028120491709684003
14	69	-0.02820117693783547
48	66	-0.02821123245227486
48	64	-0.028251924377161952
3	13	-0.02831035080135491
42	63	-0.028318398414000856
25	52	-0.02848828288270111
23	44	-0.02858316977699127
16	21	-0.028601577763486374
18	27	-0.02867640028385443
3	34	-0.028727778934432235
35	46	-0.028824216762471933
4	14	-0.028891028528894802
15	44	-0.028892555171714074
26	38	-0.02893001498763359
32	44	-0.028948224377929654
4	40	-0.029013089387213975
10	19	-0.029023333180510535
31	49	-0.02903035273403387
3	30	-0.02903597048214357
31	65	-0.029103301605337806
3	58	-0.029110610283424265
3	29	-0.02919445501371737
11	69	-0.029199175440971142
18	52	-0.029225969506690985
14	35	-0.02947869065427189
49	50	-0.029656356748973822
31	37	-0.029707267829839457
47	65	-0.029873103186255134
11	18	-0.029929823440285275
1	8	-0.029935393212667638
19	41	-0.030007729074549294
15	57	-0.03008495648797138
9	62	-0.030132813443722928
2	59	-0.030318840095015065
36	67	-0.030344977025796416
49	62	-0.03039530582566574
47	50	-0.03044895954675142
14	52	-0.03046594947637482
14	36	-0.0304659549739964
10	57	-0.030499062736489058
61	67	-0.03053258020354921
32	45	-0.030554143127342503
1	21	-0.03059966284174198
34	44	-0.030629496091982067
27	42	-0.030737222984153156
30	42	-0.030740995199592724
2	65	-0.03076090638892298
16	20	-0.030863380231388238
2	20	-0.03111508587277234
10	22	-0.031131016438674664
1	15	-0.031144641124258632
31	51	-0.031447089582457566
40	52	-0.03148764108138269
44	62	-0.03150681919513487
21	36	-0.03153031209600332
13	59	-0.031569394952761065
44	64	-0.03158758253246219
53	65	-0.03160151596907884
25	64	-0.031744593037261515
5	25	-0.03175239154314102
27	58	-0.03179718449535185
31	68	-0.031835764632543895
11	64	-0.03188897558264747
5	39	-0.031947117811372716
38	60	-0.03205889506159676
33	65	-0.03206477757223519
20	33	-0.032176843968188984
4	38	-0.03218770623866102
1	16	-0.032217297718205196
5	43	-0.03224355447753113
49	60	-0.03230471968233373
39	44	-0.03237682788370877
3	66	-0.03240641928330201
1	25	-0.03252854559938051
30	58	-0.032573343015499634
41	49	-0.032640152004219436
25	32	-0.032662419196043846
20	62	-0.0326677405088896
24	56	-0.03281336103897137
21	29	-0.032941617551025426
14	30	-0.03299743639163211
13	43	-0.033012416100956066
18	37	-0.033069164871898815
6	32	-0.033195899126067685
15	40	-0.03323537961099843
9	31	-0.033280206342348406
7	17	-0.033285762592314194
18	55	-0.033308107233843476
10	32	-0.03359533219355726
30	54	-0.03366974525779709
14	31	-0.03368778551281737
18	25	-0.03379629885353996
28	39	-0.033840366240230346
9	17	-0.03385162014523824
11	31	-0.03391297564644957
1	22	-0.03391390020086976
1	42	-0.03403843002711843
2	66	-0.034091085881795324
21	42	-0.03417066546422931
8	23	-0.034226384812395816
12	54	-0.03433699190506889
18	31	-0.03442225977596791
26	44	-0.03459948943929447
20	36	-0.034612674823152
8	36	-0.034678768429763474
19	53	-0.034696027375339056
22	52	-0.03471942119476046
7	30	-0.0347297937641442
13	20	-0.034753950334464156
22	43	-0.03488588524060776
32	40	-0.03488664160805105
34	68	-0.03496762525181857
10	48	-0.03500987882067674
40	69	-0.03511842557344433
7	45	-0.03523374151909209
40	68	-0.03542767707863409
41	69	-0.035459366823401284
32	42	-0.03564271001202712
53	64	-0.03566664756778026
27	39	-0.035727489016404546
1	23	-0.035736309413176626
34	53	-0.03576026579804792
11	23	-0.035847281062089786
12	27	-0.035949595965589554
25	37	-0.03608649911766626
10	31	-0.03608711158393918
38	57	-0.036123526445380305
2	63	-0.036276672869480775
15	52	-0.036280395715810654
43	52	-0.0362832310615665
37	41	-0.03632154565625245
24	50	-0.036472535086581215
10	66	-0.03647736324181339
58	66	-0.036509632319130625
42	47	-0.03652355723690692
21	62	-0.03656491072228507
14	60	-0.03672212587740964
5	32	-0.03676502743315846
49	66	-0.03687397102581369
14	34	-0.03691336861031025
37	48	-0.03695331084453135
32	56	-0.03698886841696114
17	49	-0.03700959984698682
18	32	-0.03703218078885129
18	39	-0.037169005507435404
20	68	-0.037170617940501804
10	30	-0.037383047861818564
20	39	-0.037519039755259165
8	46	-0.03753409294820964
4	62	-0.03761737919847319
8	25	-0.03761775951145463
7	26	-0.0376356777241873
10	23	-0.03764610231401999
15	36	-0.03765427767553886
25	40	-0.037657068965709306
8	17	-0.03781542845860786
15	60	-0.03796006731902646
23	41	-0.038255289140815774
26	61	-0.03828376911414022
1	44	-0.038456540201214084
35	58	-0.038525435831811006
6	10	-0.03873922433576915
32	50	-0.03889301307633697
5	49	-0.03890293009693069
19	48	-0.03897046473228061
55	63	-0.03910798450293751
18	29	-0.03918814759013284
8	34	-0.039207624205457314
14	19	-0.0392118046508233
7	27	-0.03931959506401084
4	46	-0.039340182796356205
15	37	-0.03943415443482379
1	47	-0.039543588558683895
4	64	-0.03959188209281006
30	44	-0.039676853320652294
36	48	-0.03975431689971132
19	30	-0.03978939331470954
7	69	-0.03981915512651618
26	58	-0.03989302035781561
5	15	-0.04000029720209597
31	44	-0.04002469875720249
7	13	-0.040042022637224006
26	41	-0.04008140261553306
36	69	-0.0400905851436838
18	33	-0.040128738233709105
20	31	-0.040216760664884
40	67	-0.040267785551121094
26	59	-0.040300133393855075
1	10	-0.04030246819949024
3	19	-0.040318419389190785
10	34	-0.04042994819933399
41	66	-0.040511309572147214
45	49	-0.04061436613520897
8	35	-0.04073737093963048
37	57	-0.04078334918255444
24	55	-0.040817598634949714
11	60	-0.04085465180069414
47	56	-0.04087381296980008
10	15	-0.040899700824979845
34	43	-0.04093133211918887
22	69	-0.04095807712547306
11	21	-0.0410613359759594
51	66	-0.04107426211446319
56	62	-0.041227505438242495
1	51	-0.041250161792991846
25	69	-0.04126655531686757
29	47	-0.041288402785892186
10	56	-0.04129944082500803
39	45	-0.041341286049912274
4	24	-0.041396636894578065
11	58	-0.041409572244966
8	13	-0.041537897839612814
36	41	-0.0415411065815402
50	59	-0.041728900951236214
16	40	-0.04185438755563198
10	26	-0.04185667316309172
14	42	-0.04211424977068834
20	52	-0.042215334473396204
30	55	-0.04225433404063217
32	48	-0.042288945934049915
31	54	-0.04244609385289677
12	67	-0.042451535014414565
31	39	-0.04246655915004027
30	52	-0.04254825270751017
23	48	-0.04255312677711087
41	64	-0.04258987885213217
9	52	-0.042682125859021536
28	69	-0.042683023849198254
2	32	-0.04271266865885326
26	53	-0.042724287588044585
3	17	-0.0427846812254008
6	44	-0.04279046922016805
27	43	-0.042906309885051064
17	37	-0.04290947214536711
20	64	-0.04299166228969542
14	64	-0.043047700680016954
5	33	-0.04306991328059451
21	35	-0.04312072444197901
13	42	-0.04314890019733009
50	57	-0.0431491380886343
21	61	-0.04327126878362286
14	46	-0.043342647711866245
41	45	-0.0433831706330583
16	67	-0.043558011236323746
47	51	-0.04373132870998575
20	35	-0.04380798882981318
29	68	-0.0438740762518936
16	45	-0.04389482151948021
23	26	-0.044126864133142485
8	58	-0.04421910105614357
56	69	-0.04429008830064268
2	48	-0.04429538869421851
27	62	-0.04430171908891978
30	37	-0.04452969664030737
8	45	-0.04465243573874411
3	14	-0.04475534626036837
14	47	-0.04487758066140113
14	26	-0.045128241353111886
41	55	-0.045195958769458144
21	39	-0.04528687892266725
65	66	-0.04534416145397885
10	45	-0.045350972707267956
46	55	-0.04541857241372804
2	43	-0.04543565116805903
3	40	-0.04547069176471047
55	67	-0.045506219486544985
38	46	-0.045555669783531094
51	65	-0.045626172597043324
48	53	-0.04563817155195804
17	43	-0.04577422661466979
19	55	-0.045783850414283456
27	67	-0.04579306879464862
7	65	-0.04591390784157873
8	27	-0.045919238339498625
16	63	-0.04593980922127128
4	49	-0.045943568124441336
28	55	-0.04604317520797063
23	50	-0.046052330653379214
54	68	-0.04650507963877187
49	64	-0.04659090000040733
33	50	-0.04681861293157519
50	69	-0.04690381758648435
14	59	-0.04699683047467479
53	56	-0.04709242949816961
31	50	-0.04710585298611081
49	65	-0.047326065773480086
7	53	-0.047344941457278855
6	14	-0.047353178946718755
18	65	-0.0473628031311632
35	41	-0.04737003643158222
16	41	-0.04740396008235803
13	50	-0.04783075169921214
22	28	-0.04788632508724755
38	43	-0.04795625388547753
14	43	-0.04796904490542231
22	26	-0.04809245382448335
33	52	-0.04839209624295815
5	22	-0.048396991806658796
26	52	-0.04847498917026616
1	32	-0.04849607331432057
11	33	-0.04853529103370602
14	37	-0.048631941994611294
4	28	-0.04866653858208525
28	59	-0.048692823481733594
1	14	-0.048713676735936184
4	51	-0.04873764431463917
45	52	-0.048821770861092295
52	60	-0.049076397371842995
29	43	-0.04913835583605369
6	36	-0.04923623230589069
11	27	-0.04925108644674647
1	50	-0.04930531771274932
24	43	-0.04933456749072207
11	66	-0.04951181156696449
4	43	-0.04958879433938468
34	52	-0.049628473213951696
20	57	-0.04963924090599248
25	35	-0.04970761224379172
2	8	-0.04977433736519976
25	31	-0.04986739262180073
11	30	-0.049870332036370535
27	51	-0.05004429948477318
20	45	-0.050096669817088824
33	39	-0.050200854490105584
34	49	-0.05024505087609221
18	61	-0.05030128271237411
35	63	-0.050328822358664094
17	61	-0.05033506382812436
10	29	-0.050412733437896984
10	50	-0.05046333248434598
51	64	-0.050613153393588406
14	20	-0.05063048306225926
36	45	-0.05078532806425051
30	38	-0.05087143169274261
39	65	-0.05112868586444197
46	63	-0.05123975601245201
6	30	-0.0512667044783712
41	65	-0.05127171187356239
10	67	-0.05128545757775815
23	62	-0.05135753907561397
31	42	-0.05143069293115066
30	48	-0.05150697203393639
49	57	-0.05157080528701741
23	66	-0.05165665044035095
44	59	-0.05166214635365479
12	24	-0.0516848942593896
22	48	-0.05172090662325479
39	69	-0.05172683911182516
17	35	-0.05178721340540171
12	39	-0.0518134071827816
20	34	-0.051890153878212164
13	32	-0.05198688111540728
5	29	-0.052162395906836356
1	12	-0.05221608156849589
30	69	-0.052267779661207686
20	32	-0.0526358793584043
15	24	-0.05266616390561263
20	60	-0.05278821049210658
8	63	-0.05279423082630541
12	19	-0.05286599154287075
5	36	-0.052867200296145556
23	69	-0.05291538492648307
23	47	-0.05291588210140996
10	28	-0.05293628921221527
6	66	-0.05295272731807371
22	60	-0.05297171049223248
27	41	-0.05331478351007424
5	68	-0.053463731625960076
18	41	-0.05359954257677457
38	55	-0.05365257450319677
21	63	-0.05370335149329286
46	53	-0.05372115126593857
27	44	-0.05377790183648945
32	54	-0.05379903146282833
34	67	-0.05396028287839927
44	68	-0.05396395419667671
28	61	-0.054114651993246055
15	51	-0.05428441455467692
55	69	-0.0543992019949294
35	52	-0.05440568166397908
11	52	-0.05440898923292742
11	54	-0.05442692157269524
27	66	-0.054762233674298555
5	31	-0.054844341175155464
14	29	-0.055007536404143464
38	66	-0.055101284755652014
33	49	-0.05514266002651458
13	31	-0.055204629908573666
6	31	-0.05530993349501778
27	65	-0.05535939842997889
58	64	-0.055559588184086905
2	58	-0.0556149459169854
24	61	-0.05562191589869292
57	61	-0.05563961608599177
26	49	-0.055695937872806356
51	59	-0.05579340934682292
10	37	-0.05583129837640677
19	46	-0.05588459365001186
21	38	-0.05593428904821285
5	63	-0.05593576647574794
1	53	-0.05601780491467012
51	55	-0.056020562548783626
41	68	-0.05603927293854327
60	69	-0.056093766354599894
2	10	-0.056137414611123426
9	40	-0.05614575832097618
25	59	-0.05615113749972789
17	65	-0.0563364907110801
19	43	-0.05640880498914014
28	53	-0.05650400634730868
25	46	-0.05665511719567884
42	60	-0.05685632100022053
45	50	-0.05686786934343513
31	53	-0.0569426367273097
9	59	-0.056956956497484335
18	63	-0.05709337782230306
7	62	-0.05711867481534938
2	29	-0.05730773920478194
35	65	-0.05731825711066685
46	60	-0.05732104478598932
14	45	-0.057369282386862674
24	29	-0.057467795488516105
46	68	-0.05749546924171456
22	54	-0.05750005736011754
26	65	-0.05760250096030406
15	53	-0.05777800906739583
19	64	-0.05791498437945908
29	49	-0.058034837453867394
12	35	-0.05806704241640559
11	57	-0.05810459086743491
37	69	-0.05815207463951433
43	57	-0.05819853659189578
2	52	-0.05830089751975892
60	68	-0.0583330321154093
23	45	-0.05865815627572746
3	55	-0.05866789585116983
16	60	-0.05874317383002581
41	59	-0.058771490277118976
9	67	-0.058858171711303864
1	48	-0.05889649264298047
43	46	-0.059063239082305596
21	60	-0.05918561951412937
6	56	-0.05938508495339301
4	65	-0.059447479618661925
29	41	-0.0595366029146317
11	45	-0.059622418579342806
35	51	-0.05965437834528309
31	62	-0.05975751096605003
20	58	-0.05976302013982154
39	54	-0.05977184480474218
48	59	-0.059778416128968226
3	20	-0.05977914029725828
23	59	-0.059798690405958366
34	41	-0.059887534241668816
35	39	-0.05991621145493775
11	34	-0.059961653577573215
50	55	-0.06002352468087446
27	55	-0.06007468988029441
32	39	-0.060144055406101515
52	62	-0.060320445051241955
17	60	-0.06033310932656788
10	58	-0.060365742210162665
38	56	-0.06042323897721957
15	21	-0.060558849155431416
24	49	-0.0606169275486651
15	54	-0.06066075600303322
15	63	-0.06091630481848942
36	46	-0.06095710502390983
19	60	-0.06106082650737399
28	51	-0.06106388349023417
21	45	-0.06106460140854808
6	34	-0.0610725540174018
25	54	-0.061094798769982805
15	32	-0.06127586959855791
50	64	-0.06132499082462839
6	29	-0.06161160160590082
22	46	-0.06164704465749182
30	67	-0.061651734308838746
23	63	-0.0616804622914614
15	61	-0.06173648081419081
12	40	-0.061737757396761905
2	44	-0.06202876681639147
39	47	-0.06237816789139261
54	69	-0.06261046709778159
4	60	-0.06283649106663725
18	44	-0.06285668032364189
6	64	-0.06290296492988856
29	52	-0.06293174913553201
64	69	-0.06293222560939207
9	66	-0.06293654121307679
15	65	-0.06294252547054324
15	45	-0.06297895782497775
37	58	-0.0630853120250564
23	40	-0.06317072829166204
4	55	-0.06318751186050398
4	52	-0.06324535588582997
17	56	-0.06330005194401511
54	67	-0.06336526323594427
31	59	-0.06342174065764355
2	16	-0.06354548164365403
19	54	-0.06356339525309695
58	63	-0.06378029769252735
26	69	-0.0638700498064968
48	52	-0.06399661163235049
37	59	-0.06416057705099243
8	15	-0.06420188399840476
4	17	-0.0643303185050737
46	57	-0.06435145801960007
37	42	-0.06448107016550653
56	60	-0.06465637041640449
15	38	-0.06484957852387252
24	69	-0.06486606534581207
28	49	-0.06486859566906644
22	49	-0.06504196321251965
13	54	-0.06509881848306132
38	44	-0.06510826071485165
3	69	-0.0651283597181661
44	61	-0.06529098356391394
14	66	-0.06530079681794032
35	42	-0.06541051279254018
30	36	-0.06553716144243227
15	34	-0.06563386195149457
19	65	-0.06566982635441199
19	63	-0.0657766205066248
30	51	-0.06584805985001124
9	12	-0.06586006443764741
3	46	-0.06586879044476446
26	48	-0.06600684210258245
8	68	-0.06607583994076938
2	60	-0.06615422425293582
38	54	-0.06615466105263218
11	24	-0.06616797595865587
32	69	-0.06627310561982813
12	65	-0.06647825055811679
60	67	-0.06649716543538153
19	47	-0.06654124482164525
6	39	-0.06654954227384191
21	33	-0.0666235147856955
54	66	-0.06685802524057594
40	60	-0.06688789999881006
29	54	-0.06692117580642093
13	30	-0.06711490417275212
20	56	-0.06719602227439214
1	27	-0.0675060043603839
1	36	-0.06762175349371957
2	51	-0.06767050171159172
14	65	-0.06769815033312426
14	58	-0.06775046286194791
22	58	-0.06781605485374542
14	38	-0.06785016502064517
35	59	-0.06802357200107384
46	52	-0.0680838495711692
33	42	-0.0682506029912886
1	18	-0.0683005227701643
13	60	-0.06846655112054112
28	38	-0.06855689909854401
3	65	-0.06867531235763907
24	31	-0.06886576814662371
28	36	-0.06892865654183677
4	44	-0.06897534321083343
62	67	-0.06905363464783215
11	53	-0.06918965051926168
10	16	-0.06921431436920711
29	42	-0.0693640333039589
1	61	-0.06940349280341168
24	48	-0.06940431744813114
40	61	-0.06941902065992867
44	67	-0.06942911346458536
17	62	-0.06959217097925102
52	57	-0.06960966926515877
10	40	-0.06989513132796277
36	57	-0.06994665835795222
10	14	-0.07019600079634036
53	58	-0.07026539034426749
42	55	-0.0702851570309857
12	18	-0.07036508116051565
6	67	-0.07041528407030223
7	47	-0.07042432510536822
13	25	-0.07054119473086085
8	52	-0.07069594867401979
3	22	-0.07070898927457647
24	62	-0.07110844541964922
12	43	-0.07113548897656641
1	60	-0.07118453742326242
16	38	-0.0712071127660372
23	52	-0.07151664803879088
6	28	-0.07186937890000894
3	15	-0.07192276205947867
21	56	-0.0720489023257449
29	53	-0.0720569976457151
41	44	-0.07229390109810441
27	61	-0.07237327860798493
15	35	-0.0724087093322704
25	62	-0.07250436542212774
26	50	-0.07254044712126306
9	35	-0.07274481571258029
33	51	-0.07275257565269566
34	45	-0.07279722019759205
6	61	-0.07287998244964583
14	32	-0.0731898506412908
6	45	-0.07330035795479967
9	54	-0.07330137822192684
7	22	-0.07371076397357024
9	38	-0.07399676407935979
13	36	-0.07400363149152134
31	40	-0.07417127780472921
23	51	-0.07427756984773037
3	54	-0.07429842528379782
8	20	-0.07437440920517668
10	53	-0.07445084978624039
47	67	-0.0745541678013254
52	64	-0.07456389260918217
30	39	-0.07457331660013006
22	38	-0.0748180327534399
18	58	-0.07490283174944629
2	25	-0.07494804992212212
27	54	-0.07508378715453434
13	21	-0.07508779871828797
6	18	-0.07514027352833175
24	52	-0.0751530322798768
4	33	-0.07522888780298148
26	42	-0.07525823735488857
23	57	-0.07529156968423911
14	63	-0.07534123206803855
16	23	-0.07565294898150687
8	62	-0.07569845164863331
8	50	-0.07588669470599763
1	66	-0.0764428004122017
33	38	-0.07665995674225007
7	68	-0.07674527940676651
11	22	-0.07689813815313651
20	51	-0.07705459148643401
22	64	-0.07731447114328616
29	48	-0.0773357022243687
9	23	-0.07735031649850221
28	48	-0.07770546808859768
23	58	-0.07781533458996082
25	53	-0.07784543875999755
20	53	-0.0779012443792872
7	12	-0.07795849914621633
25	41	-0.07796166024370621
21	52	-0.07802119809394314
3	38	-0.07810879880490817
1	26	-0.07852344344141876
11	61	-0.07857429210344591
3	27	-0.07864147507684016
11	42	-0.07873354987026826
15	68	-0.07878363457443338
30	49	-0.07881490316433559
13	58	-0.07886715112661652
2	19	-0.07890110553427804
7	34	-0.0791948849389803
14	56	-0.07930725625444734
22	59	-0.07932499859119946
6	24	-0.07945087040752985
3	39	-0.0795458938595392
21	51	-0.07993111594719982
10	65	-0.07998793192369097
6	49	-0.07998978508332166
1	7	-0.08028129121228778
20	63	-0.08100215034424751
22	51	-0.08102528633613093
7	28	-0.08114643142911449
52	68	-0.08127772229047969
2	50	-0.0813180072700011
25	34	-0.08146620096820867
10	64	-0.08147503115710608
55	62	-0.08159898122819481
14	53	-0.08171274845729448
42	69	-0.0818491906902859
10	68	-0.08192586156789139
16	56	-0.08230900398519103
21	57	-0.08240348387470442
49	69	-0.08247128097643852
44	65	-0.08247240855497417
21	59	-0.08260460136483466
19	62	-0.0828204132282368
8	66	-0.08287061213407321
25	45	-0.08317187382624325
19	68	-0.08359954891302629
27	52	-0.08398993910670927
57	62	-0.0840615413139536
8	40	-0.08409142940786657
34	69	-0.08432813231884526
47	68	-0.08439087500586684
4	26	-0.08441675616640643
5	30	-0.0850502644727319
5	38	-0.08511685314637729
4	66	-0.08517479383811499
16	37	-0.08522299109300036
25	57	-0.08541907794701065
31	43	-0.0855578457555432
1	13	-0.08574013499985489
37	51	-0.08620595358664906
11	20	-0.08640934764252772
23	54	-0.08648353797433295
40	57	-0.08654199365228632
27	56	-0.08673934956992713
10	69	-0.08680230316650778
6	13	-0.08704420434033694
42	46	-0.08707722725092804
9	15	-0.08720575256367757
42	68	-0.08726834118949822
54	59	-0.08755794222706315
8	57	-0.0878632213293864
13	40	-0.08808202538956905
22	55	-0.08812237656101451
1	49	-0.08812806421448738
6	57	-0.08822223079701158
35	68	-0.08837100051884011
17	52	-0.08894211349945863
1	34	-0.08900848962493013
43	50	-0.08915465506150116
10	33	-0.08921549969249498
30	61	-0.08928678306974847
21	46	-0.08943324928759011
25	33	-0.08962839317546434
6	26	-0.08965544159577848
1	33	-0.0899236990746243
42	65	-0.0899682370687448
35	50	-0.09000282730525011
39	48	-0.09022548388105611
36	65	-0.09039105179956441
10	24	-0.0905344706823944
21	41	-0.09063327083662787
3	33	-0.09071984665320232
48	55	-0.09106904004477456
31	38	-0.091367198175613
39	66	-0.09146791074485994
14	44	-0.09159231157623204
23	53	-0.09159696319992638
4	42	-0.09166632098163274
39	57	-0.09195409186574843
3	36	-0.09195518585616813
32	43	-0.09205113481144239
34	42	-0.0920638100190112
33	61	-0.09209726604524027
37	62	-0.0921189386698037
8	43	-0.09220178878675894
30	53	-0.09220818161198852
24	42	-0.09224920320152041
28	43	-0.09230310706058564
5	51	-0.0924992322101732
28	52	-0.09251239874300743
40	62	-0.0925333768137771
7	43	-0.09256899818652331
34	50	-0.0926290625827757
26	51	-0.0928020394114446
46	51	-0.09323377837657465
24	67	-0.09328563276914692
31	52	-0.093308105314932
25	56	-0.0934927719671933
17	53	-0.09353823200007261
29	38	-0.0937791077498783
6	23	-0.09384982805513223
23	64	-0.0939966702418793
50	54	-0.09414785012256954
28	58	-0.09428526119131136
1	24	-0.09445588857085713
49	67	-0.0945084439122329
12	22	-0.09501180486857486
12	49	-0.09543375854348524
13	69	-0.09545402672842437
34	39	-0.09552620398773626
16	53	-0.09586470313479356
21	50	-0.09592337537751217
53	66	-0.09593039465612496
47	69	-0.09607756813928192
25	43	-0.09617861172136732
6	19	-0.09630585361797414
20	49	-0.09643545904256556
24	38	-0.09650230570733231
5	19	-0.09660280524051568
4	41	-0.09687962395376881
4	50	-0.09688817124750437
5	67	-0.09691619198060841
24	51	-0.09716644216669057
17	42	-0.09716651677873533
7	20	-0.09764796534954368
45	63	-0.09856153082240049
7	46	-0.09872265934308666
9	28	-0.09875001359160296
22	56	-0.09877493855894559
50	60	-0.09891280899344068
17	39	-0.09903456398184585
38	47	-0.09908327492340668
19	57	-0.09941980876756429
24	65	-0.0996967023378893
7	50	-0.09979243502037038
47	53	-0.09981153616790539
18	59	-0.09983855504202688
1	57	-0.10071881898929103
16	42	-0.10093499988349552
29	39	-0.10094307113290563
59	66	-0.10100787390660776
3	51	-0.10102400810817957
5	69	-0.10118560820216213
4	36	-0.10123502858510958
13	63	-0.10134326062651167
33	62	-0.1016642004180312
14	24	-0.10188760275441666
11	28	-0.10217593458554308
11	49	-0.10246416016833249
10	54	-0.10272172957072878
6	47	-0.10286249229568017
47	59	-0.10303481988104846
10	21	-0.10335207901595644
5	59	-0.1039199361814529
23	32	-0.10411025613975633
11	35	-0.10455150966265658
6	60	-0.10461742761910875
12	62	-0.10470066676715012
23	35	-0.10470181350807528
35	43	-0.10506850999205741
40	55	-0.10535544885096776
1	41	-0.10539698734285949
16	44	-0.10560832684149701
43	64	-0.10565580860128865
19	36	-0.10597035608431582
39	46	-0.10604004753854407
32	53	-0.10611890445042604
21	37	-0.10666953683586744
12	63	-0.10671140692349956
21	34	-0.10672412913420348
8	56	-0.10736003499687741
21	47	-0.10805040906946162
12	38	-0.1080800113057579
29	50	-0.10832638685416862
61	65	-0.10897067839413871
10	61	-0.10974398158672038
17	38	-0.10980539070594258
14	50	-0.10988523168624509
42	62	-0.11035410120969236
32	51	-0.11039082632063207
29	51	-0.11040164831618493
6	27	-0.11076594549978841
22	65	-0.1110867653867848
6	17	-0.11137134957404138
22	42	-0.11154813865735469
19	50	-0.11166186764029662
22	50	-0.11209721397410444
6	16	-0.11210882060049271
5	23	-0.11216508537159686
52	63	-0.11286797303510732
57	65	-0.11307108106184627
16	51	-0.1137354169336402
2	39	-0.11419556579017054
14	27	-0.115162145179586
43	54	-0.11528478998004316
23	46	-0.11541782300636982
20	47	-0.11561293816140716
50	63	-0.11602743302167662
3	16	-0.11679309226290413
9	51	-0.11780105542440356
26	39	-0.11788703769176889
27	68	-0.11856333255739931
23	39	-0.1192051812637901
20	61	-0.11936800725604335
23	33	-0.11948302401953736
43	55	-0.11954977190781818
21	44	-0.11968684747443148
2	38	-0.11969397326561892
8	37	-0.12105754174870798
11	19	-0.12107513722185737
2	42	-0.12113615677920103
13	51	-0.12153101338831374
23	49	-0.12237959722865899
24	58	-0.12247208138584348
23	56	-0.12267424817384232
13	23	-0.12370857415897485
19	33	-0.12485039933098097
61	68	-0.1252223465289577
22	36	-0.12556133783330392
18	38	-0.1259545676596276
28	65	-0.12606901400123421
16	39	-0.12713100011838085
28	40	-0.12830304504789009
26	67	-0.1300259621082579
57	67	-0.13033181173282338
18	48	-0.13103679749714586
21	31	-0.13143701411202002
21	58	-0.1315271062541128
11	36	-0.13210622380126702
15	50	-0.13250797359029753
20	37	-0.13271326018560226
19	40	-0.13340002186601685
7	31	-0.13392177946964523
2	23	-0.13484906906218785
3	25	-0.13652539412488712
11	55	-0.13670350046835106
5	56	-0.13740902168237346
27	38	-0.13782256511584878
50	56	-0.13844358542625923
6	37	-0.13847436800015162
24	39	-0.13991360917738038
34	38	-0.14229791063093528
19	44	-0.14692001986362613
3	23	-0.15046598993387256
38	64	-0.15358631422690872
9	49	-0.15554891781362462
23	61	-0.15761947939456922
6	22	-0.15845759035231016
11	41	-0.15851945897039305
28	50	-0.16359799828758792
59	67	-0.1654477550793289
27	50	-0.16692725996024216
6	35	-0.16870608945082588
4	54	-0.17584872292320303
12	21	-0.19458153500331016
