1 2 0.13639
1 3 0.37409
1 4 0.18441
1 5 0.15232
1 6 0.01274
1 7 0.040884
1 8 -0.054902
1 9 0.0018888
1 10 0.077121
1 11 0.03057
1 12 0.024328
1 13 -0.096112
1 14 -0.065927
1 15 -0.071958
1 16 0.022443
1 17 -0.067364
1 18 -0.060054
1 19 0.00078607
1 20 -0.097185
1 21 -0.080994
1 22 0.041717
1 23 -0.098737
1 24 -0.03009
1 25 -0.09411
1 26 -0.15976
1 27 -0.00080031
1 28 -0.16624
1 29 -0.11568
1 30 -0.0053636
1 31 0.018439
1 32 -0.043545
1 33 -0.1748
1 34 -0.055763
1 35 -0.045226
1 36 -0.06055
1 37 -0.1575
1 38 -0.067524
1 39 0.4163
1 40 0.024698
1 41 -0.078802
1 42 0.14072
1 43 -0.028092
1 44 -0.067188
1 45 -0.16713
1 46 -0.030093
1 47 -0.012649
1 48 -0.02552
1 49 0.085285
1 50 0.086289
1 51 0.48034
1 52 -0.022071
1 53 -0.11186
2 3 0.13365
2 4 0.19093
2 5 0.10945
2 6 0.018944
2 7 -0.0057923
2 8 -0.13588
2 9 0.20558
2 10 -0.13563
2 11 0.18761
2 12 -0.10124
2 13 -0.10604
2 14 -0.19815
2 15 -0.14815
2 16 -0.15434
2 17 -0.0048513
2 18 0.13278
2 19 0.033275
2 20 0.18297
2 21 0.1376
2 22 -0.14789
2 23 -0.1397
2 24 -0.10318
2 25 -0.057361
2 26 -0.094405
2 27 0.34005
2 28 -0.18271
2 29 -0.1309
2 30 0.10403
2 31 -0.21709
2 32 0.058826
2 33 -0.14557
2 34 0.093379
2 35 -0.019202
2 36 -0.083244
2 37 0.0055679
2 38 0.048854
2 39 -0.13248
2 40 0.19482
2 41 -0.07173
2 42 0.17169
2 43 -0.19545
2 44 0.045989
2 45 -0.11497
2 46 -0.060982
2 47 -0.045395
2 48 0.29577
2 49 -0.12396
2 50 -0.082079
2 51 -0.1309
2 52 0.27787
2 53 0.00078483
3 4 0.24067
3 5 0.087813
3 6 0.051714
3 7 0.057078
3 8 0.04418
3 9 -0.060075
3 10 0.085049
3 11 -0.045497
3 12 0.19863
3 13 -0.013867
3 14 0.05933
3 15 -0.013818
3 16 -0.046929
3 17 -0.15141
3 18 -0.1884
3 19 -0.011986
3 20 -0.014541
3 21 -0.094118
3 22 0.5731
3 23 0.097698
3 24 0.00069409
3 25 0.13506
3 26 0.025688
3 27 -0.13295
3 28 -0.040376
3 29 -0.034362
3 30 -0.11689
3 31 -0.090796
3 32 -0.11309
3 33 -0.15918
3 34 -0.054003
3 35 -0.058022
3 36 0.023142
3 37 -0.044449
3 38 -0.12174
3 39 -0.013663
3 40 -0.15907
3 41 -0.16627
3 42 -0.070745
3 43 -0.02594
3 44 -0.078704
3 45 -0.0047242
3 46 0.074839
3 47 -0.00015703
3 48 -0.13916
3 49 0.0091295
3 50 0.10248
3 51 0.18858
3 52 -0.12889
3 53 -0.05481
4 5 0.2109
4 6 0.10078
4 7 0.24996
4 8 0.12997
4 9 -0.099918
4 10 0.020752
4 11 -0.051065
4 12 -0.096281
4 13 -0.059442
4 14 -0.019278
4 15 0.042331
4 16 -0.12159
4 17 -0.041226
4 18 0.050083
4 19 -0.070198
4 20 -0.06423
4 21 -0.13733
4 22 0.075653
4 23 0.033077
4 24 -0.090195
4 25 -0.038867
4 26 -0.17222
4 27 -0.097941
4 28 -0.18926
4 29 -0.00312
4 30 -0.11326
4 31 -0.040895
4 32 -0.12199
4 33 -0.14852
4 34 -0.088263
4 35 -0.18549
4 36 0.050718
4 37 0.0070039
4 38 0.29843
4 39 0.7327
4 40 -0.10693
4 41 -0.020091
4 42 0.41247
4 43 -0.092582
4 44 -0.065621
4 45 -0.12388
4 46 0.0012978
4 47 -0.080024
4 48 -0.10334
4 49 -0.035744
4 50 -0.051519
4 51 -0.064594
4 52 -0.11832
4 53 -0.064986
5 6 0.26932
5 7 0.14874
5 8 0.17143
5 9 -0.088968
5 10 0.063457
5 11 -0.13468
5 12 0.16081
5 13 0.10999
5 14 -0.0037294
5 15 0.014993
5 16 0.038704
5 17 -0.061797
5 18 -0.023761
5 19 -0.14618
5 20 0.019596
5 21 -0.045075
5 22 0.29806
5 23 0.14319
5 24 -0.057049
5 25 -0.028518
5 26 -0.062793
5 27 0.0091982
5 28 -0.059276
5 29 -0.086096
5 30 -0.13229
5 31 -0.085911
5 32 -0.088628
5 33 -0.044844
5 34 -0.10546
5 35 -0.15231
5 36 -0.019796
5 37 -0.11106
5 38 -0.13757
5 39 -0.028886
5 40 -0.017446
5 41 -0.094647
5 42 0.011205
5 43 -0.048285
5 44 -0.0655
5 45 -0.0077026
5 46 -0.015966
5 47 -0.01914
5 48 -0.0070288
5 49 -0.077641
5 50 0.041563
5 51 -0.050186
5 52 0.018533
5 53 -0.01346
6 7 0.13067
6 8 0.4167
6 9 0.0037215
6 10 0.001136
6 11 -0.11162
6 12 -0.053522
6 13 -0.0061438
6 14 0.039213
6 15 -0.030134
6 16 -0.076012
6 17 -0.072983
6 18 -0.09451
6 19 1.3118
6 20 -0.10797
6 21 -0.027268
6 22 0.064077
6 23 0.050303
6 24 -0.01459
6 25 -0.10798
6 26 0.030208
6 27 -0.13523
6 28 0.19048
6 29 0.031968
6 30 0.027282
6 31 0.012457
6 32 -0.1641
6 33 -0.085515
6 34 -0.030718
6 35 -0.19147
6 36 -0.038061
6 37 -0.14761
6 38 0.0062297
6 39 0.057336
6 40 -0.1777
6 41 -0.049835
6 42 -0.10604
6 43 -0.06888
6 44 -0.094596
6 45 -0.037903
6 46 -0.038966
6 47 -0.14796
6 48 -0.12935
6 49 0.075296
6 50 -0.041908
6 51 -0.09141
6 52 -0.16406
6 53 -0.084139
7 8 0.34443
7 9 0.11931
7 10 0.22242
7 11 -0.056874
7 12 0.13627
7 13 -0.053856
7 14 0.06823
7 15 0.042541
7 16 0.096121
7 17 -0.055183
7 18 -0.097823
7 19 -0.097798
7 20 -0.0052494
7 21 -0.035839
7 22 -0.04536
7 23 0.06795
7 24 -0.12547
7 25 -0.029194
7 26 -0.025596
7 27 -0.07946
7 28 -0.12086
7 29 -0.11415
7 30 -0.13968
7 31 -0.015218
7 32 0.032811
7 33 0.1204
7 34 -0.11663
7 35 -0.062289
7 36 0.17733
7 37 0.30286
7 38 0.10977
7 39 -0.072736
7 40 -0.11195
7 41 -0.064395
7 42 -0.1173
7 43 -0.008614
7 44 -0.11145
7 45 -0.033026
7 46 -0.053341
7 47 -0.076524
7 48 -0.12399
7 49 -0.097383
7 50 -0.020368
7 51 -0.049039
7 52 -0.072512
7 53 -0.090165
8 9 0.10818
8 10 0.20908
8 11 -0.096361
8 12 0.24953
8 13 0.034343
8 14 0.089949
8 15 0.087951
8 16 0.13954
8 17 -0.099117
8 18 -0.12252
8 19 -0.015871
8 20 -0.076732
8 21 -0.13152
8 22 -0.00053824
8 23 0.044464
8 24 -0.0066256
8 25 0.040025
8 26 0.028399
8 27 -0.11101
8 28 -0.0099514
8 29 0.1017
8 30 -0.037232
8 31 0.11
8 32 -0.19528
8 33 0.37945
8 34 -0.010442
8 35 -0.095285
8 36 -0.061909
8 37 -0.14058
8 38 -0.12781
8 39 -0.0035677
8 40 -0.16518
8 41 -0.11044
8 42 -0.18687
8 43 -0.067861
8 44 0.011483
8 45 -0.063367
8 46 0.050084
8 47 -0.058664
8 48 -0.17066
8 49 0.0055025
8 50 -0.06282
8 51 -0.10198
8 52 -0.14231
8 53 -0.007683
9 10 0.050962
9 11 0.20082
9 12 -0.038529
9 13 -0.064095
9 14 -0.12041
9 15 -0.078411
9 16 -0.13337
9 17 0.089967
9 18 0.038661
9 19 -0.085043
9 20 0.06113
9 21 -0.10008
9 22 -0.10578
9 23 -0.11314
9 24 -0.12789
9 25 -0.07632
9 26 -0.14719
9 27 0.13889
9 28 -0.13761
9 29 -0.10713
9 30 0.25972
9 31 -0.095242
9 32 0.22104
9 33 -0.078867
9 34 0.3549
9 35 -0.16281
9 36 0.02187
9 37 0.41098
9 38 0.17272
9 39 -0.1048
9 40 0.023296
9 41 0.12303
9 42 -0.01004
9 43 -0.14149
9 44 0.0094914
9 45 -0.10281
9 46 -0.1202
9 47 -0.049695
9 48 0.068886
9 49 -0.089158
9 50 -0.081592
9 51 -0.18897
9 52 0.067536
9 53 0.0084524
10 11 0.22662
10 12 0.31029
10 13 0.13193
10 14 0.083248
10 15 0.097485
10 16 0.038225
10 17 -0.14901
10 18 -0.029064
10 19 -0.14088
10 20 -0.062784
10 21 -0.10294
10 22 -0.023801
10 23 0.025022
10 24 -0.016312
10 25 -0.024873
10 26 -0.085902
10 27 -0.16573
10 28 -0.12296
10 29 -0.010487
10 30 -0.12695
10 31 -0.083667
10 32 -0.1219
10 33 0.67168
10 34 -0.13362
10 35 0.088532
10 36 0.68592
10 37 -0.064732
10 38 -0.11919
10 39 -0.025721
10 40 -0.101
10 41 -0.2061
10 42 -0.08392
10 43 -0.028714
10 44 -0.058258
10 45 -0.081597
10 46 0.00020211
10 47 -0.11448
10 48 -0.16427
10 49 -0.083425
10 50 -0.0086397
10 51 -0.12033
10 52 -0.10996
10 53 -0.020708
11 12 0.060877
11 13 0.045298
11 14 -0.12325
11 15 0.25316
11 16 -0.13365
11 17 -0.16629
11 18 -0.0029441
11 19 -0.12056
11 20 -0.013094
11 21 -0.057417
11 22 -0.16993
11 23 -0.12758
11 24 -0.1553
11 25 -0.03344
11 26 -0.16869
11 27 0.15607
11 28 -0.231
11 29 -0.1903
11 30 -0.079159
11 31 -0.19231
11 32 -0.076975
11 33 0.2026
11 34 0.087213
11 35 2.2066
11 36 -0.057192
11 37 -0.15608
11 38 -0.098565
11 39 0.023826
11 40 0.019678
11 41 -0.13931
11 42 0.078257
11 43 0.021714
11 44 -0.066203
11 45 -0.21051
11 46 -0.14503
11 47 -0.1543
11 48 0.097325
11 49 -0.14745
11 50 -0.17783
11 51 -0.11968
11 52 0.059621
11 53 -0.082832
12 13 0.56532
12 14 0.29673
12 15 0.13612
12 16 0.13939
12 17 -0.11437
12 18 -0.13889
12 19 0.00687
12 20 -0.078188
12 21 -0.1262
12 22 0.065297
12 23 0.026749
12 24 -0.099322
12 25 -0.040288
12 26 0.010218
12 27 -0.13732
12 28 -0.033692
12 29 -0.004409
12 30 -0.11675
12 31 0.073876
12 32 -0.00022374
12 33 0.27308
12 34 -0.059656
12 35 0.020232
12 36 -0.017419
12 37 -0.069691
12 38 -0.21802
12 39 -0.002596
12 40 -0.10327
12 41 -0.12263
12 42 -0.12397
12 43 0.024638
12 44 -0.057022
12 45 -0.058486
12 46 0.036874
12 47 -0.098457
12 48 -0.13937
12 49 -0.054269
12 50 -0.07289
12 51 0.011492
12 52 -0.17699
12 53 -0.12908
13 14 0.29443
13 15 0.93341
13 16 0.1889
13 17 -0.057984
13 18 -0.11646
13 19 -0.13231
13 20 -0.045703
13 21 -0.10526
13 22 -0.020695
13 23 -0.044556
13 24 0.07142
13 25 -0.07192
13 26 -0.073284
13 27 -0.12684
13 28 -0.099596
13 29 -0.010719
13 30 -0.17919
13 31 0.25079
13 32 -0.031521
13 33 0.19513
13 34 -0.032442
13 35 -0.020145
13 36 0.060477
13 37 -0.12975
13 38 -0.060726
13 39 -0.078297
13 40 -0.088026
13 41 -0.093316
13 42 -0.12604
13 43 -0.065882
13 44 -0.030417
13 45 -0.10837
13 46 0.023399
13 47 -0.036473
13 48 -0.15135
13 49 -0.027725
13 50 -0.033527
13 51 0.019014
13 52 -0.10474
13 53 -0.082303
14 15 0.34356
14 16 0.2777
14 17 -0.021186
14 18 -0.013733
14 19 -0.089887
14 20 -0.02573
14 21 -0.081165
14 22 -0.061143
14 23 0.1301
14 24 0.003656
14 25 -0.049889
14 26 0.027986
14 27 -0.19644
14 28 -0.087591
14 29 0.15932
14 30 -0.16396
14 31 0.75134
14 32 -0.087053
14 33 0.33565
14 34 -0.12637
14 35 -0.17266
14 36 0.048241
14 37 -0.10242
14 38 -0.12942
14 39 -0.09992
14 40 -0.18356
14 41 -0.096222
14 42 -0.12964
14 43 0.056201
14 44 0.074498
14 45 0.030893
14 46 -0.016523
14 47 -0.056492
14 48 -0.20353
14 49 -0.084468
14 50 0.11322
14 51 -0.030316
14 52 -0.22737
14 53 0.0094547
15 16 0.31895
15 17 0.26561
15 18 -0.17699
15 19 -0.15487
15 20 -0.1086
15 21 -0.12743
15 22 0.015679
15 23 -0.013024
15 24 -0.10059
15 25 -0.041151
15 26 0.088682
15 27 -0.13381
15 28 -0.09126
15 29 0.043217
15 30 -0.13487
15 31 0.38994
15 32 -0.12754
15 33 0.19322
15 34 -0.011877
15 35 -0.089339
15 36 0.059496
15 37 -0.13783
15 38 -0.18612
15 39 -0.033568
15 40 -0.19142
15 41 -0.25317
15 42 -0.0059936
15 43 0.088858
15 44 -0.032415
15 45 -0.15425
15 46 0.0067098
15 47 -0.056145
15 48 -0.16438
15 49 -0.059136
15 50 -0.0237
15 51 0.015562
15 52 -0.17354
15 53 -0.099501
16 17 0.19917
16 18 0.14917
16 19 -0.0754
16 20 -0.050026
16 21 -0.029996
16 22 -0.057737
16 23 0.11107
16 24 0.038823
16 25 -0.033463
16 26 0.052264
16 27 -0.13281
16 28 0.051172
16 29 0.70918
16 30 -0.10995
16 31 0.57025
16 32 -0.11963
16 33 -0.01552
16 34 -0.15276
16 35 -0.083942
16 36 -0.043162
16 37 -0.14846
16 38 -0.16447
16 39 -0.079153
16 40 -0.14281
16 41 -0.18103
16 42 -0.12922
16 43 -0.019665
16 44 -0.04994
16 45 0.014049
16 46 0.0015428
16 47 -0.037944
16 48 -0.17413
16 49 0.027119
16 50 0.076355
16 51 -0.013319
16 52 -0.17966
16 53 -0.14433
17 18 0.074529
17 19 -0.068324
17 20 -0.052539
17 21 0.0050981
17 22 -0.059421
17 23 -0.12727
17 24 -0.12639
17 25 0.054998
17 26 -0.10451
17 27 0.042733
17 28 -0.16357
17 29 -0.11006
17 30 0.156
17 31 -0.059797
17 32 0.014411
17 33 -0.071896
17 34 0.060391
17 35 -0.23019
17 36 -0.09329
17 37 -0.062098
17 38 -0.1157
17 39 -0.045273
17 40 0.050548
17 41 1.3755
17 42 -0.019465
17 43 0.8949
17 44 -0.085768
17 45 -0.1484
17 46 -0.023488
17 47 0.03805
17 48 -0.0066907
17 49 -0.1759
17 50 -0.071474
17 51 -0.11572
17 52 -0.011093
17 53 -0.076602
18 19 0.10854
18 20 0.23009
18 21 -0.054833
18 22 -0.074465
18 23 -0.13421
18 24 0.08801
18 25 -0.026297
18 26 -0.10682
18 27 0.18163
18 28 0.060512
18 29 0.24309
18 30 -0.013169
18 31 -0.21689
18 32 -0.056967
18 33 -0.027081
18 34 -0.02307
18 35 0.0034361
18 36 -0.16721
18 37 -0.046944
18 38 0.049176
18 39 -0.038111
18 40 0.12994
18 41 -0.087849
18 42 0.034448
18 43 -0.081074
18 44 -0.037411
18 45 0.81592
18 46 -0.15211
18 47 -0.035191
18 48 0.11196
18 49 -0.050952
18 50 -0.24408
18 51 0.050467
18 52 0.10409
18 53 0.0079736
19 20 0.13024
19 21 0.37949
19 22 -0.016422
19 23 0.058382
19 24 0.0045556
19 25 0.017875
19 26 0.02045
19 27 0.097211
19 28 0.72758
19 29 -1.7945e-05
19 30 0.038207
19 31 -0.13806
19 32 -0.14419
19 33 -0.14057
19 34 -0.13962
19 35 -0.18957
19 36 -0.081723
19 37 0.049309
19 38 0.048874
19 39 -0.092822
19 40 -0.0022643
19 41 -0.017888
19 42 0.028254
19 43 -0.17641
19 44 -0.034294
19 45 -0.12721
19 46 -0.14119
19 47 -0.15101
19 48 0.017711
19 49 -0.061219
19 50 -0.071669
19 51 -0.022793
19 52 0.0053654
19 53 -0.021552
20 21 0.09131
20 22 0.12153
20 23 0.059205
20 24 -0.031277
20 25 0.36127
20 26 -0.08734
20 27 0.27906
20 28 -0.085216
20 29 -0.062215
20 30 -0.0057283
20 31 -0.1024
20 32 0.0098528
20 33 -0.18924
20 34 -0.022505
20 35 0.041
20 36 -0.03041
20 37 -0.11822
20 38 0.040652
20 39 -0.049503
20 40 0.091296
20 41 -0.15503
20 42 0.065678
20 43 -0.083805
20 44 -0.067645
20 45 -0.11631
20 46 -0.1003
20 47 -0.089311
20 48 0.17682
20 49 -0.048273
20 50 -0.024836
20 51 -0.012141
20 52 0.20357
20 53 -0.0022506
21 22 0.15515
21 23 0.21225
21 24 0.30602
21 25 0.038226
21 26 0.015688
21 27 0.14725
21 28 1.4988
21 29 -0.083132
21 30 -0.02019
21 31 -0.085919
21 32 -0.12046
21 33 -0.075806
21 34 -0.070046
21 35 -0.021158
21 36 -0.16134
21 37 0.0039836
21 38 -0.077194
21 39 -0.11005
21 40 -0.017182
21 41 -0.15479
21 42 -0.081579
21 43 -0.16994
21 44 -0.08805
21 45 -0.053339
21 46 -0.054408
21 47 -0.13569
21 48 0.084236
21 49 -0.0969
21 50 -0.062871
21 51 -0.12442
21 52 0.049896
21 53 0.0080742
22 23 0.36462
22 24 0.042428
22 25 0.2879
22 26 0.12884
22 27 -0.10728
22 28 -0.060079
22 29 0.043785
22 30 -0.10531
22 31 -0.0045178
22 32 -0.064078
22 33 -0.099185
22 34 -0.14916
22 35 -0.1277
22 36 0.019282
22 37 -0.09201
22 38 -0.10692
22 39 0.028072
22 40 -0.059392
22 41 -0.10838
22 42 -0.13213
22 43 0.0020289
22 44 -0.13589
22 45 0.051515
22 46 -0.052317
22 47 0.057939
22 48 -0.11678
22 49 0.056319
22 50 0.057772
22 51 0.034894
22 52 -0.13281
22 53 0.0096449
23 24 0.29634
23 25 0.23313
23 26 0.088687
23 27 -0.10206
23 28 0.021646
23 29 0.053638
23 30 0.014106
23 31 0.02413
23 32 -0.11044
23 33 -0.089996
23 34 -0.073213
23 35 -0.047108
23 36 -0.010713
23 37 -0.14748
23 38 -0.15102
23 39 0.022757
23 40 -0.15878
23 41 -0.11915
23 42 -0.16368
23 43 -0.061326
23 44 -0.070911
23 45 0.05156
23 46 0.098546
23 47 -0.0091229
23 48 -0.12917
23 49 0.029047
23 50 0.11024
23 51 0.094359
23 52 -0.14476
23 53 -0.039553
24 25 0.14411
24 26 0.66734
24 27 -0.052608
24 28 1.0992
24 29 0.050307
24 30 -0.003788
24 31 0.069507
24 32 -0.11601
24 33 -0.12883
24 34 -0.12453
24 35 -0.071232
24 36 -0.051912
24 37 -0.10769
24 38 -0.19708
24 39 -0.024255
24 40 -0.095318
24 41 -0.044298
24 42 -0.14855
24 43 -0.048112
24 44 -0.089197
24 45 0.11082
24 46 -0.018131
24 47 -0.097243
24 48 -0.089585
24 49 -0.010086
24 50 -0.030667
24 51 -0.11566
24 52 -0.1226
24 53 0.0065572
25 26 0.23489
25 27 0.033436
25 28 0.0127
25 29 -0.0039096
25 30 0.042391
25 31 0.007958
25 32 -0.070283
25 33 -0.16515
25 34 -0.07917
25 35 -0.016174
25 36 -0.076562
25 37 -0.20837
25 38 -0.10601
25 39 -0.048023
25 40 -0.054887
25 41 -0.085318
25 42 -0.086939
25 43 -0.061106
25 44 -0.014348
25 45 -0.072265
25 46 0.13512
25 47 -0.042108
25 48 -0.060229
25 49 0.030319
25 50 -0.025329
25 51 0.14325
25 52 -0.076998
25 53 0.26968
26 27 -0.016608
26 28 0.38315
26 29 0.090738
26 30 -0.1295
26 31 0.10617
26 32 -0.069196
26 33 -0.10987
26 34 -0.11421
26 35 -0.070714
26 36 -0.072552
26 37 -0.16496
26 38 -0.09673
26 39 -0.074945
26 40 -0.097137
26 41 -0.14381
26 42 -0.089425
26 43 -0.058052
26 44 -0.023301
26 45 0.38897
26 46 0.089629
26 47 -0.0096306
26 48 -0.097304
26 49 0.25557
26 50 0.028227
26 51 -0.040684
26 52 -0.12282
26 53 0.26735
27 28 -0.058874
27 29 -0.077329
27 30 0.19918
27 31 -0.18272
27 32 0.099403
27 33 -0.15353
27 34 0.11238
27 35 0.015769
27 36 -0.1311
27 37 -0.041781
27 38 -0.0013808
27 39 -0.16532
27 40 0.24873
27 41 -0.1181
27 42 0.25372
27 43 -0.20911
27 44 0.089073
27 45 -0.092487
27 46 -0.04403
27 47 -0.050954
27 48 0.34855
27 49 -0.1045
27 50 -0.097285
27 51 -0.12918
27 52 0.36992
27 53 0.058697
28 29 0.29819
28 30 -0.20532
28 31 0.20896
28 32 -0.11687
28 33 -0.06279
28 34 -0.13323
28 35 -0.11347
28 36 -0.095007
28 37 -0.20355
28 38 -0.18797
28 39 -0.010649
28 40 -0.15961
28 41 -0.20471
28 42 -0.070167
28 43 -0.1074
28 44 -0.13124
28 45 0.033079
28 46 0.020757
28 47 -0.0584
28 48 -0.12476
28 49 -0.091841
28 50 -0.023979
28 51 -0.052366
28 52 -0.12131
28 53 -0.13169
29 30 -3.3758e-05
29 31 0.39304
29 32 -0.10573
29 33 0.036551
29 34 -0.029843
29 35 -0.099309
29 36 -0.07442
29 37 -0.10068
29 38 -0.09727
29 39 -0.049275
29 40 -0.11848
29 41 -0.085552
29 42 -0.22595
29 43 -0.024563
29 44 -0.026229
29 45 0.073905
29 46 -0.0089139
29 47 -0.01824
29 48 -0.1012
29 49 0.089514
29 50 0.10516
29 51 0.094953
29 52 -0.13382
29 53 0.0033159
30 31 -0.12321
30 32 0.34771
30 33 0.12131
30 34 0.1169
30 35 -0.10969
30 36 -0.032947
30 37 0.21975
30 38 0.38937
30 39 -0.14572
30 40 0.13878
30 41 0.46788
30 42 0.17954
30 43 0.12619
30 44 -0.1551
30 45 -0.16008
30 46 -0.071725
30 47 -0.098003
30 48 0.10391
30 49 -0.16161
30 50 -0.14584
30 51 -0.18116
30 52 0.061655
30 53 0.082621
31 32 -0.10494
31 33 0.27452
31 34 0.032357
31 35 -0.10083
31 36 -0.027585
31 37 -0.065716
31 38 -0.043021
31 39 -0.11194
31 40 -0.14482
31 41 -0.019025
31 42 -0.20672
31 43 -0.085964
31 44 -0.073277
31 45 0.023238
31 46 0.077685
31 47 -0.01515
31 48 -0.21158
31 49 0.0079243
31 50 -0.01494
31 51 0.061072
31 52 -0.21895
31 53 0.0036146
32 33 0.010885
32 34 0.57664
32 35 -0.010883
32 36 0.11239
32 37 0.53197
32 38 0.18092
32 39 -0.043995
32 40 0.22058
32 41 0.1966
32 42 -0.01527
32 43 -0.041329
32 44 -0.010112
32 45 -0.069812
32 46 -0.1001
32 47 0.060613
32 48 0.014963
32 49 -0.16666
32 50 -0.014614
32 51 -0.029321
32 52 0.06546
32 53 0.023624
33 34 0.035741
33 35 0.45924
33 36 0.35087
33 37 -0.035961
33 38 0.06846
33 39 -0.058084
33 40 -0.15595
33 41 -0.15712
33 42 0.04711
33 43 -0.041654
33 44 -0.11175
33 45 -0.076967
33 46 -0.035591
33 47 -0.062336
33 48 -0.1614
33 49 -0.13113
33 50 -0.10906
33 51 -0.039948
33 52 -0.093392
33 53 -0.12891
34 35 0.02619
34 36 -0.036843
34 37 0.43214
34 38 0.17196
34 39 -0.08764
34 40 0.06851
34 41 0.020767
34 42 0.005048
34 43 -0.12353
34 44 0.051517
34 45 -0.14101
34 46 -0.049599
34 47 -0.02376
34 48 0.095421
34 49 -0.068917
34 50 0.013067
34 51 -0.058118
34 52 0.081227
34 53 -0.044988
35 36 0.05258
35 37 -0.11335
35 38 -0.0848
35 39 0.28923
35 40 -0.045879
35 41 -0.15733
35 42 -0.0434
35 43 0.12287
35 44 -0.065292
35 45 -0.081643
35 46 -0.037829
35 47 -0.048565
35 48 0.07403
35 49 -0.05697
35 50 -0.094266
35 51 -0.026661
35 52 -0.013944
35 53 -0.030664
36 37 0.25518
36 38 0.054891
36 39 0.16663
36 40 -0.10989
36 41 -0.018012
36 42 -0.12749
36 43 0.10643
36 44 -0.011396
36 45 -0.054322
36 46 0.028058
36 47 0.024465
36 48 -0.055947
36 49 -0.062894
36 50 -7.3834e-05
36 51 0.097927
36 52 -0.15798
36 53 -0.11199
37 38 0.70112
37 39 -0.0016745
37 40 0.1455
37 41 0.49299
37 42 -0.042358
37 43 -0.16171
37 44 0.01002
37 45 -0.12316
37 46 -0.12124
37 47 -0.11724
37 48 0.025263
37 49 -0.11917
37 50 0.042843
37 51 -0.12196
37 52 0.071689
37 53 -0.065359
38 39 0.15059
38 40 0.39994
38 41 0.53147
38 42 -0.033014
38 43 -0.14102
38 44 -0.05752
38 45 -0.18453
38 46 -0.060393
38 47 -0.042969
38 48 0.026261
38 49 -0.15468
38 50 -0.082755
38 51 -0.10305
38 52 0.045164
38 53 -0.014019
39 40 0.069331
39 41 0.11898
39 42 -0.0096706
39 43 0.13819
39 44 -0.045989
39 45 -0.067654
39 46 0.020396
39 47 -0.0022282
39 48 -0.12574
39 49 0.029905
39 50 0.021893
39 51 0.27875
39 52 -0.14483
39 53 -0.12013
40 41 0.37162
40 42 0.28033
40 43 -0.17466
40 44 0.066323
40 45 -0.057485
40 46 -0.093944
40 47 -0.04298
40 48 0.32916
40 49 -0.058885
40 50 -0.098854
40 51 -0.1296
40 52 0.33774
40 53 0.044105
41 42 -0.072599
41 43 0.41258
41 44 -0.016949
41 45 -0.1364
41 46 -0.12536
41 47 -0.047745
41 48 -0.082812
41 49 -0.1293
41 50 -0.021309
41 51 0.029801
41 52 -0.01244
41 53 -0.0042601
42 43 0.079253
42 44 0.1583
42 45 0.023117
42 46 -0.022895
42 47 -0.02271
42 48 0.35236
42 49 -0.12434
42 50 -0.011221
42 51 0.061859
42 52 0.31974
42 53 -0.021517
43 44 0.26235
43 45 0.031782
43 46 0.15639
43 47 0.50062
43 48 -0.18879
43 49 -0.029443
43 50 0.084461
43 51 0.11466
43 52 -0.16474
43 53 0.043592
44 45 -0.013875
44 46 0.18436
44 47 0.95137
44 48 0.1418
44 49 -0.044016
44 50 0.06721
44 51 -0.081435
44 52 0.14639
44 53 -0.06808
45 46 0.26853
45 47 0.011134
45 48 -0.032428
45 49 1.2982
45 50 0.018655
45 51 -0.0030457
45 52 -0.04283
45 53 0.014916
46 47 0.11356
46 48 -0.037812
46 49 0.1902
46 50 0.31776
46 51 -0.039549
46 52 -0.045046
46 53 0.072234
47 48 0.074283
47 49 0.066775
47 50 0.17119
47 51 0.23524
47 52 0.021607
47 53 -0.0091336
48 49 0.0647
48 50 0.035533
48 51 -0.060194
48 52 0.58077
48 53 0.094623
49 50 0.083345
49 51 0.056115
49 52 0.020636
49 53 0.46048
50 51 0.36407
50 52 -0.013111
50 53 0.081493
51 52 0.17126
51 53 0.044118
52 53 0.14878
