1 2 0.22504
1 3 0.32973
1 4 -0.096
1 5 -0.20913
1 6 0.18028
1 7 -0.096447
1 8 -0.035292
1 9 -0.0033363
1 10 0.057876
1 11 -0.10928
1 12 -0.12917
1 13 0.27277
1 14 -0.095213
1 15 -0.12823
1 16 0.14172
1 17 -0.17236
1 18 -0.14978
1 19 0.1621
1 20 -0.15014
1 21 -0.034442
1 22 -0.12369
1 23 0.15055
2 3 -0.090284
2 4 0.44004
2 5 0.1705
2 6 -0.18806
2 7 0.52338
2 8 -0.090713
2 9 0.90042
2 10 -0.16694
2 11 -0.022148
2 12 -0.24669
2 13 0.02944
2 14 -0.16963
2 15 -0.23804
2 16 -0.15907
2 17 -0.11429
2 18 -0.16177
2 19 -0.19817
2 20 -0.023014
2 21 -0.036699
2 22 -0.14388
2 23 -0.20448
3 4 -0.064694
3 5 -0.25507
3 6 0.39942
3 7 -0.035948
3 8 0.066294
3 9 -0.17169
3 10 0.21815
3 11 -0.070876
3 12 -0.17523
3 13 -0.14799
3 14 -0.17525
3 15 -0.18034
3 16 0.27054
3 17 -0.15671
3 18 -0.051409
3 19 0.37587
3 20 -0.21256
3 21 -0.061482
3 22 -0.14056
3 23 0.33499
4 5 0.89158
4 6 -0.20467
4 7 0.064411
4 8 -0.13235
4 9 0.26453
4 10 -0.21736
4 11 -0.095188
4 12 -0.21965
4 13 0.0027503
4 14 -0.23278
4 15 -0.21638
4 16 -0.065102
4 17 -0.03845
4 18 -0.18682
4 19 -0.20835
4 20 0.83072
4 21 -0.12296
4 22 -0.1382
4 23 -0.21226
5 6 -0.30009
5 7 0.7376
5 8 -0.18869
5 9 0.035044
5 10 -0.25131
5 11 -0.07642
5 12 -0.19165
5 13 -0.064713
5 14 -0.094219
5 15 -0.12455
5 16 -0.045579
5 17 -0.028453
5 18 -0.10934
5 19 -0.30489
5 20 0.81489
5 21 -0.064761
5 22 -0.045854
5 23 -0.17718
6 7 0.0096772
6 8 0.11074
6 9 -0.14687
6 10 0.25931
6 11 -0.050867
6 12 -0.15346
6 13 -0.12423
6 14 -0.12369
6 15 -0.15146
6 16 0.31453
6 17 -0.16317
6 18 -0.026406
6 19 0.3771
6 20 -0.22101
6 21 -0.0048398
6 22 -0.11734
6 23 0.34249
7 8 -0.039168
7 9 0.2209
7 10 -0.15168
7 11 -0.097797
7 12 -0.12925
7 13 -0.11027
7 14 -0.14148
7 15 -0.10574
7 16 -0.068501
7 17 -0.12532
7 18 -0.18286
7 19 -0.025577
7 20 0.021223
7 21 -0.088485
7 22 -0.061318
7 23 -0.078381
8 9 0.0048865
8 10 0.83893
8 11 0.010963
8 12 -0.21156
8 13 -0.1609
8 14 -0.14314
8 15 -0.0081653
8 16 -0.074373
8 17 -0.17159
8 18 0.0034157
8 19 0.07961
8 20 -0.079619
8 21 -0.13195
8 22 0.27403
8 23 0.030828
9 10 0.017932
9 11 0.027067
9 12 -0.057163
9 13 -0.053419
9 14 -0.14536
9 15 -0.1493
9 16 -0.1073
9 17 -0.045039
9 18 -0.12206
9 19 -0.15921
9 20 -0.027298
9 21 -0.058722
9 22 -0.048794
9 23 -0.17082
10 11 -0.071409
10 12 0.10267
10 13 -0.18573
10 14 -0.24122
10 15 -0.14116
10 16 0.066095
10 17 -0.18201
10 18 -0.12615
10 19 0.23988
10 20 -0.11167
10 21 -0.17935
10 22 0.095422
10 23 0.14579
11 12 0.42589
11 13 -0.016272
11 14 0.087391
11 15 0.50694
11 16 -0.11582
11 17 -0.057411
11 18 0.0092698
11 19 -0.060172
11 20 -0.14824
11 21 -0.015837
11 22 -0.01111
11 23 -0.12023
12 13 0.061645
12 14 1.1225
12 15 0.6532
12 16 -0.050405
12 17 -0.074825
12 18 0.16659
12 19 -0.16463
12 20 -0.23278
12 21 -0.10269
12 22 -0.13945
12 23 -0.22012
13 14 0.20227
13 15 0.044588
13 16 -0.022083
13 17 0.8255
13 18 -0.069404
13 19 -0.12775
13 20 -0.021052
13 21 -0.04511
13 22 -0.12646
13 23 -0.16076
14 15 0.45801
14 16 -0.17258
14 17 0.15045
14 18 0.18829
14 19 -0.15132
14 20 -0.1233
14 21 -0.05096
14 22 -0.020129
14 23 -0.16484
15 16 -0.010309
15 17 -0.088762
15 18 0.51936
15 19 -0.16034
15 20 -0.25822
15 21 -0.082946
15 22 0.021414
15 23 -0.18086
16 17 -0.030747
16 18 -0.093775
16 19 0.29213
16 20 -0.10579
16 21 -0.1439
16 22 -0.055167
16 23 0.1981
17 18 0.0067846
17 19 -0.15373
17 20 0.52599
17 21 0.34851
17 22 -0.076573
17 23 -0.15398
18 19 0.0038561
18 20 -0.10951
18 21 0.46393
18 22 0.070229
18 23 -0.10774
19 20 -0.17386
19 21 0.046709
19 22 -0.088955
19 23 0.41052
20 21 -0.060215
20 22 0.20311
20 23 -0.1638
21 22 0.2674
21 23 0.10605
22 23 0.36489
